  2.000000000000000E-004
  0.00000000E+00  4.68748202E-07  6.59079724E-08  6.59953862E-08  3.48252514E-08 -2.56325722E-08  1.97785581E-08 -1.97805910E-08 -1.09761917E-08 -8.64109131E-09
 -4.68748202E-07  0.00000000E+00 -3.59612920E-07 -4.70936766E-08 -2.90146054E-08  4.57939893E-08 -4.94504611E-08 -1.17229360E-08 -9.99363352E-09  1.49348849E-09
 -6.59079724E-08  3.59612920E-07  0.00000000E+00 -1.35172906E-07 -7.42380333E-08  7.02291957E-09  8.20198943E-09  3.08943409E-08  1.27231125E-08  3.29597460E-08
 -6.59953862E-08  4.70936766E-08  1.35172906E-07  0.00000000E+00 -8.08082984E-08  5.77879758E-09  2.52077005E-08  2.80699942E-08  2.78368908E-08 -1.83230167E-09
 -3.48252514E-08  2.90146054E-08  7.42380333E-08  8.08082984E-08  0.00000000E+00 -1.02489631E-07  1.60624552E-08  9.84455573E-09  3.19405960E-08  5.60749364E-08
  2.56325722E-08 -4.57939893E-08 -7.02291957E-09 -5.77879758E-09  1.02489631E-07  0.00000000E+00 -2.24863531E-08 -8.69204882E-08  5.82324987E-08 -8.10549544E-08
 -1.97785581E-08  4.94504611E-08 -8.20198943E-09 -2.52077005E-08 -1.60624552E-08  2.24863531E-08  0.00000000E+00 -1.83414482E-07 -2.80916783E-08 -8.99887803E-10
  1.97805910E-08  1.17229360E-08 -3.08943409E-08 -2.80699942E-08 -9.84455573E-09  8.69204882E-08  1.83414482E-07  0.00000000E+00 -1.71499100E-07  5.54677831E-08
  1.09761917E-08  9.99363352E-09 -1.27231125E-08 -2.78368908E-08 -3.19405960E-08 -5.82324987E-08  2.80916783E-08  1.71499100E-07  0.00000000E+00 -7.59071625E-07
  8.64109131E-09 -1.49348849E-09 -3.29597460E-08  1.83230167E-09 -5.60749364E-08  8.10549544E-08  8.99887803E-10 -5.54677831E-08  7.59071625E-07  0.00000000E+00
  2.262433137448046E-004
  0.00000000E+00  6.33202868E-08 -7.73273318E-09 -1.41939005E-08  9.45830870E-09  9.18454765E-09  1.13055182E-08 -1.33871863E-08  4.35171647E-09 -1.65164648E-08
 -6.33202868E-08  0.00000000E+00  2.42773195E-08  1.68498570E-08  2.31355191E-08  1.21132488E-08  1.06441548E-08 -2.05646047E-08 -1.21186698E-08 -1.81658074E-08
  7.73273318E-09 -2.42773195E-08  0.00000000E+00  3.46212859E-08 -6.27834373E-08 -4.76886326E-08 -1.21783009E-08 -1.77809156E-09 -1.30050051E-08  2.30392962E-08
  1.41939005E-08 -1.68498570E-08 -3.46212859E-08  0.00000000E+00 -2.19984621E-08 -4.77048956E-10  2.38145007E-08 -7.22620748E-09  3.89824891E-08 -2.20147251E-08
 -9.45830870E-09 -2.31355191E-08  6.27834373E-08  2.19984621E-08  0.00000000E+00 -9.35666475E-08  1.66799083E-07 -1.14383329E-09 -8.22909449E-09  1.87024875E-08
 -9.18454765E-09 -1.21132488E-08  4.76886326E-08  4.77048956E-10  9.35666475E-08  0.00000000E+00  7.93744410E-08  2.38307638E-08 -6.58110719E-09  1.83555428E-08
 -1.13055182E-08 -1.06441548E-08  1.21783009E-08 -2.38145007E-08 -1.66799083E-07 -7.93744410E-08  0.00000000E+00 -2.70530126E-07  9.11922447E-08 -1.03519623E-07
  1.33871863E-08  2.05646047E-08  1.77809156E-09  7.22620748E-09  1.14383329E-09 -2.38307638E-08  2.70530126E-07  0.00000000E+00  2.54462250E-08 -8.76577456E-08
 -4.35171647E-09  1.21186698E-08  1.30050051E-08 -3.89824891E-08  8.22909449E-09  6.58110719E-09 -9.11922447E-08 -2.54462250E-08  0.00000000E+00 -1.92185677E-07
  1.65164648E-08  1.81658074E-08 -2.30392962E-08  2.20147251E-08 -1.87024875E-08 -1.83555428E-08  1.03519623E-07  8.76577456E-08  1.92185677E-07  0.00000000E+00
  2.559301850711501E-004
  0.00000000E+00 -4.95820222E-07 -1.31521516E-07 -4.84763732E-08 -2.27431734E-08  4.55893461E-08 -2.43850621E-08  1.32225231E-08  1.85371466E-08  1.15874107E-09
  4.95820222E-07  0.00000000E+00  1.90803997E-07  3.41604999E-08  6.41725713E-08 -1.25604822E-08  1.12594396E-08 -2.62295611E-08 -9.06935117E-09  1.82959117E-08
  1.31521516E-07 -1.90803997E-07  0.00000000E+00  1.34367886E-07  3.38352393E-08 -6.19350491E-08 -8.45406644E-09 -1.93475878E-08 -1.27393755E-09  3.31765865E-09
  4.84763732E-08 -3.41604999E-08 -1.34367886E-07  0.00000000E+00  2.31325376E-07 -4.07822647E-08  4.27175656E-08 -4.92281996E-08  1.97866896E-09  2.31802424E-08
  2.27431734E-08 -6.41725713E-08 -3.38352393E-08 -2.31325376E-07  0.00000000E+00  1.96831483E-07  2.72405796E-08 -3.67056645E-08 -3.17562816E-08 -4.80193142E-08
 -4.55893461E-08  1.25604822E-08  6.19350491E-08  4.07822647E-08 -1.96831483E-07  0.00000000E+00 -1.15163955E-07  4.18068358E-08  5.49907342E-08  4.58725939E-08
  2.43850621E-08 -1.12594396E-08  8.45406644E-09 -4.27175656E-08 -2.72405796E-08  1.15163955E-07  0.00000000E+00 -4.39969242E-08 -1.18915294E-07  6.92263087E-08
 -1.32225231E-08  2.62295611E-08  1.93475878E-08  4.92281996E-08  3.67056645E-08 -4.18068358E-08  4.39969242E-08  0.00000000E+00 -9.23848671E-08  1.21148751E-07
 -1.85371466E-08  9.06935117E-09  1.27393755E-09 -1.97866896E-09  3.17562816E-08 -5.49907342E-08  1.18915294E-07  9.23848671E-08  0.00000000E+00 -2.90414394E-07
 -1.15874107E-09 -1.82959117E-08 -3.31765865E-09 -2.31802424E-08  4.80193142E-08 -4.58725939E-08 -6.92263087E-08 -1.21148751E-07  2.90414394E-07  0.00000000E+00
  2.895124657890906E-004
  0.00000000E+00 -8.35992720E-08  9.82863151E-09 -1.58259636E-08 -3.88212140E-09 -4.59430671E-10  1.81671627E-08  2.70020551E-08  1.68437584E-08  5.39932682E-09
  8.35992720E-08  0.00000000E+00  1.13012491E-07 -9.30652040E-09 -2.54109884E-08 -2.47753749E-08 -9.81474017E-09  6.53502859E-09 -2.29579810E-09 -1.04164724E-08
 -9.82863151E-09 -1.13012491E-07  0.00000000E+00 -2.41234983E-09 -5.49961552E-08 -1.70572107E-08  2.26950620E-08  3.43800509E-08 -5.91432285E-09  3.67002435E-09
  1.58259636E-08  9.30652040E-09  2.41234983E-09  0.00000000E+00  4.48344703E-08 -4.05003722E-08 -2.79127849E-08 -4.85397313E-08 -1.37747886E-08 -8.50556604E-09
  3.88212140E-09  2.54109884E-08  5.49961552E-08 -4.48344703E-08  0.00000000E+00  5.28494349E-08 -3.58979339E-08 -1.16009632E-09 -2.82109405E-08  9.73613551E-09
  4.59430671E-10  2.47753749E-08  1.70572107E-08  4.05003722E-08 -5.28494349E-08  0.00000000E+00 -5.19983362E-08 -1.19912760E-07  4.07334756E-08  4.28259858E-09
 -1.81671627E-08  9.81474017E-09 -2.26950620E-08  2.79127849E-08  3.58979339E-08  5.19983362E-08  0.00000000E+00 -4.24898831E-08  5.50883124E-08  5.83300769E-09
 -2.70020551E-08 -6.53502859E-09 -3.43800509E-08  4.85397313E-08  1.16009632E-09  1.19912760E-07  4.24898831E-08  0.00000000E+00  3.76749413E-07 -6.37294037E-08
 -1.68437584E-08  2.29579810E-09  5.91432285E-09  1.37747886E-08  2.82109405E-08 -4.07334756E-08 -5.50883124E-08 -3.76749413E-07  0.00000000E+00 -1.87024875E-07
 -5.39932682E-09  1.04164724E-08 -3.67002435E-09  8.50556604E-09 -9.73613551E-09 -4.28259858E-09 -5.83300769E-09  6.37294037E-08  1.87024875E-07  0.00000000E+00
  3.275012981527661E-004
  0.00000000E+00 -8.12384218E-08  3.18501329E-08  3.98837322E-08 -3.96614707E-09 -6.72882973E-09  1.81061763E-09  8.50963180E-09 -1.28328880E-08 -2.86364899E-09
  8.12384218E-08  0.00000000E+00 -9.99051644E-08 -9.24146827E-09 -7.53981296E-08 -2.27411406E-08  1.89735380E-09  1.65069781E-09 -3.23796979E-08  1.26146923E-08
 -3.18501329E-08  9.99051644E-08  0.00000000E+00 -3.41713420E-07 -3.90854883E-09  5.21609665E-08 -1.39699450E-08 -5.69748242E-09  2.90132501E-08 -1.68051337E-09
 -3.98837322E-08  9.24146827E-09  3.41713420E-07  0.00000000E+00 -1.27041390E-07  2.59232739E-08 -9.87166078E-09 -1.66425033E-09  1.39753660E-08  3.50630983E-08
  3.96614707E-09  7.53981296E-08  3.90854883E-09  1.27041390E-07  0.00000000E+00  1.91930890E-07  3.11328654E-08  1.88922229E-08  4.85939414E-08  3.14201790E-08
  6.72882973E-09  2.27411406E-08 -5.21609665E-08 -2.59232739E-08 -1.91930890E-07  0.00000000E+00  6.34041430E-08  5.70290343E-08 -2.61292724E-09  9.97465999E-10
 -1.81061763E-09 -1.89735380E-09  1.39699450E-08  9.87166078E-09 -3.11328654E-08 -6.34041430E-08  0.00000000E+00 -6.89444161E-08  2.25047845E-07  9.03899351E-08
 -8.50963180E-09 -1.65069781E-09  5.69748242E-09  1.66425033E-09 -1.88922229E-08 -5.70290343E-08  6.89444161E-08  0.00000000E+00 -1.36717894E-08  1.15716898E-07
  1.28328880E-08  3.23796979E-08 -2.90132501E-08 -1.39753660E-08 -4.85939414E-08  2.61292724E-09 -2.25047845E-07  1.36717894E-08  0.00000000E+00 -1.06251813E-07
  2.86364899E-09 -1.26146923E-08  1.68051337E-09 -3.50630983E-08 -3.14201790E-08 -9.97465999E-10 -9.03899351E-08 -1.15716898E-07  1.06251813E-07  0.00000000E+00
  3.704748947490349E-004
  0.00000000E+00 -2.83561220E-08  3.04938637E-08  1.39773989E-08  1.17913763E-08  2.59666420E-09 -1.67610880E-08  6.72544160E-09  1.61254744E-08 -9.48541376E-09
  2.83561220E-08  0.00000000E+00  4.95975060E-08 -6.28566209E-09 -6.22874148E-09  2.38578688E-08 -4.61870125E-09 -1.55230646E-08 -8.80643215E-09  4.65664833E-09
 -3.04938637E-08 -4.95975060E-08  0.00000000E+00  1.51519964E-07  4.12132351E-08  3.90123047E-08 -1.93231932E-08 -2.31422954E-08  2.57498016E-09  1.47288865E-08
 -1.39773989E-08  6.28566209E-09 -1.51519964E-07  0.00000000E+00  9.52037928E-08 -3.73507648E-08 -4.49835481E-08 -1.32760556E-08  1.63822948E-08 -7.65446734E-09
 -1.17913763E-08  6.22874148E-09 -4.12132351E-08 -9.52037928E-08  0.00000000E+00 -1.26515552E-07 -5.46437895E-09 -4.13243658E-08  1.73472348E-10  2.05889993E-08
 -2.59666420E-09 -2.38578688E-08 -3.90123047E-08  3.73507648E-08  1.26515552E-07  0.00000000E+00 -2.32550524E-07 -7.48099499E-09 -4.02239006E-09  5.85143912E-08
  1.67610880E-08  4.61870125E-09  1.93231932E-08  4.49835481E-08  5.46437895E-09  2.32550524E-07  0.00000000E+00  3.94758011E-07 -1.76616534E-08  3.71881345E-09
 -6.72544160E-09  1.55230646E-08  2.31422954E-08  1.32760556E-08  4.13243658E-08  7.48099499E-09 -3.94758011E-07  0.00000000E+00  2.21263979E-07  9.29594943E-08
 -1.61254744E-08  8.80643215E-09 -2.57498016E-09 -1.63822948E-08 -1.73472348E-10  4.02239006E-09  1.76616534E-08 -2.21263979E-07  0.00000000E+00 -6.91720986E-07
  9.48541376E-09 -4.65664833E-09 -1.47288865E-08  7.65446734E-09 -2.05889993E-08 -5.85143912E-08 -3.71881345E-09 -9.29594943E-08  6.91720986E-07  0.00000000E+00
  4.190873392363967E-004
  0.00000000E+00  2.31572370E-07  5.09957880E-08  5.70696919E-09  5.94888180E-09  1.06427996E-08 -4.88704129E-09  2.30609802E-08  5.85198123E-09 -2.38497373E-08
 -2.31572370E-07  0.00000000E+00 -1.38634899E-07 -1.61912042E-08 -2.59842603E-08 -9.17506088E-10  1.13461757E-08 -7.02563008E-09  6.18266289E-09  2.46927045E-09
 -5.09957880E-08  1.38634899E-07  0.00000000E+00 -8.90916030E-08 -1.17961196E-08  4.36201639E-08 -7.58941521E-11 -1.82525436E-08 -7.71951947E-09  1.09287579E-08
 -5.70696919E-09  1.61912042E-08  8.90916030E-08  0.00000000E+00  5.51479435E-08  2.88831459E-08 -1.91470104E-08 -2.41885505E-08  8.78745861E-09 -3.52365706E-09
 -5.94888180E-09  2.59842603E-08  1.17961196E-08 -5.51479435E-08  0.00000000E+00  5.70940864E-08  3.53992009E-08  2.88397778E-08  3.45860493E-09  1.83772268E-08
 -1.06427996E-08  9.17506088E-10 -4.36201639E-08 -2.88831459E-08 -5.70940864E-08  0.00000000E+00 -3.35766571E-07 -5.02744547E-08 -5.65953534E-08 -4.14598911E-08
  4.88704129E-09 -1.13461757E-08  7.58941521E-11  1.91470104E-08 -3.53992009E-08  3.35766571E-07  0.00000000E+00  2.23833539E-07 -5.63026188E-08 -2.16298333E-08
 -2.30609802E-08  7.02563008E-09  1.82525436E-08  2.41885505E-08 -2.88397778E-08  5.02744547E-08 -2.23833539E-07  0.00000000E+00  3.05311332E-08 -3.59521440E-08
 -5.85198123E-09 -6.18266289E-09  7.71951947E-09 -8.78745861E-09 -3.45860493E-09  5.65953534E-08  5.63026188E-08 -3.05311332E-08  0.00000000E+00 -1.13342495E-07
  2.38497373E-08 -2.46927045E-09 -1.09287579E-08  3.52365706E-09 -1.83772268E-08  4.14598911E-08  2.16298333E-08  3.59521440E-08  1.13342495E-07  0.00000000E+00
  4.740785418866772E-004
  0.00000000E+00 -3.84070149E-08 -2.53608441E-08  4.14754765E-08 -9.89131194E-09  4.42157975E-08 -2.21678687E-08  1.07539303E-09  3.01611492E-09  1.26187580E-08
  3.84070149E-08  0.00000000E+00 -6.83542036E-08  4.30319842E-08  7.69756437E-08  6.69494842E-10  2.14021509E-08  6.36697726E-09 -2.52077005E-10 -1.04002093E-08
  2.53608441E-08  6.83542036E-08  0.00000000E+00 -2.96827450E-08  3.62448786E-08 -1.75017336E-08 -5.45353693E-09 -5.15375503E-08  1.98571628E-08  2.59395370E-08
 -4.14754765E-08 -4.30319842E-08  2.96827450E-08  0.00000000E+00  1.76429509E-07 -7.30210163E-08 -5.03828750E-08  2.51534904E-08  2.09251019E-09  4.75422653E-09
  9.89131194E-09 -7.69756437E-08 -3.62448786E-08 -1.76429509E-07  0.00000000E+00 -1.99493200E-09  3.60497222E-09  1.90982213E-08 -3.34584790E-08 -7.58941521E-10
 -4.42157975E-08 -6.69494842E-10  1.75017336E-08  7.30210163E-08  1.99493200E-09  0.00000000E+00  6.42389787E-08 -1.73472348E-09  2.50559122E-08 -2.18141477E-08
  2.21678687E-08 -2.14021509E-08  5.45353693E-09  5.03828750E-08 -3.60497222E-09 -6.42389787E-08  0.00000000E+00  1.06121709E-07  6.01190105E-08  1.08094957E-08
 -1.07539303E-09 -6.36697726E-09  5.15375503E-08 -2.51534904E-08 -1.90982213E-08  1.73472348E-09 -1.06121709E-07  0.00000000E+00 -5.84927072E-08 -8.33968311E-08
 -3.01611492E-09  2.52077005E-10 -1.98571628E-08 -2.09251019E-09  3.34584790E-08 -2.50559122E-08 -6.01190105E-08  5.84927072E-08  0.00000000E+00  1.19110451E-07
 -1.26187580E-08  1.04002093E-08 -2.59395370E-08 -4.75422653E-09  7.58941521E-10  2.18141477E-08 -1.08094957E-08  8.33968311E-08 -1.19110451E-07  0.00000000E+00
  5.362855014587344E-004
  0.00000000E+00  1.36820893E-07  2.65463514E-08  2.43515196E-08  6.56152379E-08 -7.22959561E-09 -1.41447726E-08 -5.66495635E-10 -5.45895794E-09  1.52167775E-08
 -1.36820893E-07  0.00000000E+00 -1.49704603E-07 -4.72752805E-08 -3.86247024E-10  3.27171558E-08 -9.71987248E-09  5.22314397E-09 -6.15555783E-09  3.85433872E-09
 -2.65463514E-08  1.49704603E-07  0.00000000E+00  8.22394453E-08 -9.66159661E-08  1.24303779E-08 -1.45527037E-08 -1.60841392E-08 -1.17581726E-08 -3.19622800E-08
 -2.43515196E-08  4.72752805E-08 -8.22394453E-08  0.00000000E+00  2.21263979E-07 -1.03844884E-07  4.74284240E-08 -1.08311797E-08 -1.08799688E-08  5.25838054E-10
 -6.56152379E-08  3.86247024E-10  9.66159661E-08 -2.21263979E-07  0.00000000E+00  7.60838875E-08  2.22261445E-09 -6.55617054E-08 -3.48896259E-08  1.46909394E-08
  7.22959561E-09 -3.27171558E-08 -1.24303779E-08  1.03844884E-07 -7.60838875E-08  0.00000000E+00  1.76041907E-07  2.97071395E-09 -4.70760583E-08 -3.63099308E-08
  1.41447726E-08  9.71987248E-09  1.45527037E-08 -4.74284240E-08 -2.22261445E-09 -1.76041907E-07  0.00000000E+00  4.28715223E-07 -2.36572914E-08 -2.87205155E-08
  5.66495635E-10 -5.22314397E-09  1.60841392E-08  1.08311797E-08  6.55617054E-08 -2.97071395E-09 -4.28715223E-07  0.00000000E+00  2.53291312E-07 -5.53268369E-08
  5.45895794E-09  6.15555783E-09  1.17581726E-08  1.08799688E-08  3.48896259E-08  4.70760583E-08  2.36572914E-08 -2.53291312E-07  0.00000000E+00 -8.99670963E-08
 -1.52167775E-08 -3.85433872E-09  3.19622800E-08 -5.25838054E-10 -1.46909394E-08  3.63099308E-08  2.87205155E-08  5.53268369E-08  8.99670963E-08  0.00000000E+00
  6.066550448165914E-004
  0.00000000E+00 -8.34327453E-10 -3.56157026E-08 -2.73462893E-08 -1.20156706E-08  8.74680103E-09 -1.33207789E-08  4.95141580E-09  1.57371945E-08  1.15318454E-08
  8.34327453E-10  0.00000000E+00 -2.67459123E-08 -1.43846523E-08  1.92201940E-08 -1.61085338E-08 -2.31748214E-08  8.17759489E-09 -1.64636100E-08 -6.71121145E-09
  3.56157026E-08  2.67459123E-08  0.00000000E+00  6.00349848E-08  1.63362162E-08  4.21754645E-09  4.03485838E-08 -2.12340995E-08 -8.05562214E-09  1.69894480E-08
  2.73462893E-08  1.43846523E-08 -6.00349848E-08  0.00000000E+00 -1.00367306E-07 -1.33356867E-08 -2.47198095E-08  1.92987987E-08  8.53809211E-09 -1.24249569E-08
  1.20156706E-08 -1.92201940E-08 -1.63362162E-08  1.00367306E-07  0.00000000E+00 -1.74149974E-07 -1.49674110E-08 -9.55182114E-09  9.87708179E-09  6.41847686E-09
 -8.74680103E-09  1.61085338E-08 -4.21754645E-09  1.33356867E-08  1.74149974E-07  0.00000000E+00 -2.84093495E-07  1.36609474E-08  1.73038667E-08  1.16226473E-08
  1.33207789E-08  2.31748214E-08 -4.03485838E-08  2.47198095E-08  1.49674110E-08  2.84093495E-07  0.00000000E+00  1.91383367E-07  2.62810607E-08  2.57714856E-08
 -4.95141580E-09 -8.17759489E-09  2.12340995E-08 -1.92987987E-08  9.55182114E-09 -1.36609474E-08 -1.91383367E-07  0.00000000E+00 -1.33432761E-07 -7.32486988E-08
 -1.57371945E-08  1.64636100E-08  8.05562214E-09 -8.53809211E-09 -9.87708179E-09 -1.73038667E-08 -2.62810607E-08  1.33432761E-07  0.00000000E+00  5.38046170E-07
 -1.15318454E-08  6.71121145E-09 -1.69894480E-08  1.24249569E-08 -6.41847686E-09 -1.16226473E-08 -2.57714856E-08  7.32486988E-08 -5.38046170E-07  0.00000000E+00
  6.862582381965422E-004
  0.00000000E+00 -6.09826453E-08 -1.00494361E-07  1.24378318E-09  1.79896245E-08  1.80038547E-08 -1.17608831E-08 -5.60058185E-09  1.55264527E-08 -1.56260638E-09
  6.09826453E-08  0.00000000E+00 -1.68695759E-07  8.85901595E-08  5.22314397E-08  2.24253667E-08 -2.46655994E-10 -1.87377240E-08  7.94178091E-10  2.38145007E-08
  1.00494361E-07  1.68695759E-07  0.00000000E+00  2.61563774E-08  8.45759010E-08 -5.74383206E-08 -5.90077032E-08  5.20959144E-09  5.59936212E-08  4.61870125E-08
 -1.24378318E-09 -8.85901595E-08 -2.61563774E-08  0.00000000E+00 -4.98760104E-08 -3.17671237E-08  2.38578688E-08  9.78492461E-09 -8.97394138E-08 -7.24897573E-08
 -1.79896245E-08 -5.22314397E-08 -8.45759010E-08  4.98760104E-08  0.00000000E+00 -3.47378376E-08  1.86428564E-08  8.52182908E-08 -5.79289221E-08 -5.12177106E-08
 -1.80038547E-08 -2.24253667E-08  5.74383206E-08  3.17671237E-08  3.47378376E-08  0.00000000E+00  1.34029073E-07  4.29994582E-08 -6.30897244E-08 -9.85756615E-08
  1.17608831E-08  2.46655994E-10  5.90077032E-08 -2.38578688E-08 -1.86428564E-08 -1.34029073E-07  0.00000000E+00  1.14058069E-07  1.12106505E-07  1.08062431E-07
  5.60058185E-09  1.87377240E-08 -5.20959144E-09 -9.78492461E-09 -8.52182908E-08 -4.29994582E-08 -1.14058069E-07  0.00000000E+00  5.01335085E-07  3.79091290E-07
 -1.55264527E-08 -7.94178091E-10 -5.59936212E-08  8.97394138E-08  5.79289221E-08  6.30897244E-08 -1.12106505E-07 -5.01335085E-07  0.00000000E+00 -1.46866026E-07
  1.56260638E-09 -2.38145007E-08 -4.61870125E-08  7.24897573E-08  5.12177106E-08  9.85756615E-08 -1.08062431E-07 -3.79091290E-07  1.46866026E-07  0.00000000E+00
  7.763066894712856E-004
  0.00000000E+00  3.23913869E-08 -3.11830097E-08 -3.85284795E-08 -2.74126967E-08  8.45067831E-09  1.20305784E-08  2.47977366E-08  8.00276729E-09 -6.80336863E-09
 -3.23913869E-08  0.00000000E+00  3.97834435E-08  3.31440604E-08  3.21750547E-08 -1.20481966E-09  1.59106669E-08 -9.80660865E-09 -2.00577402E-10  2.49989916E-08
  3.11830097E-08 -3.97834435E-08  0.00000000E+00 -1.58987407E-07  4.47070766E-08  4.26416714E-08  5.19603891E-08 -4.61165394E-08  6.59140711E-08 -2.15702022E-08
  3.85284795E-08 -3.31440604E-08  1.58987407E-07  0.00000000E+00 -2.95385461E-07 -7.48804230E-08  3.46402594E-09  2.44379170E-08 -1.78188627E-08  7.37257477E-10
  2.74126967E-08 -3.21750547E-08 -4.47070766E-08  2.95385461E-07  0.00000000E+00  9.23577621E-08  3.34151110E-08 -5.18844950E-08  4.62954328E-08  7.64362532E-09
 -8.45067831E-09  1.20481966E-09 -4.26416714E-08  7.48804230E-08 -9.23577621E-08  0.00000000E+00 -1.82232701E-07 -4.12972607E-08  2.12069945E-08  3.37078455E-08
 -1.20305784E-08 -1.59106669E-08 -5.19603891E-08 -3.46402594E-09 -3.34151110E-08  1.82232701E-07  0.00000000E+00 -2.27281301E-07 -2.91975645E-08  1.13884596E-07
 -2.47977366E-08  9.80660865E-09  4.61165394E-08 -2.44379170E-08  5.18844950E-08  4.12972607E-08  2.27281301E-07  0.00000000E+00 -5.94251211E-08 -1.30104261E-09
 -8.00276729E-09  2.00577402E-10 -6.59140711E-08  1.78188627E-08 -4.62954328E-08 -2.12069945E-08  2.91975645E-08  5.94251211E-08  0.00000000E+00  7.68265659E-08
  6.80336863E-09 -2.49989916E-08  2.15702022E-08 -7.37257477E-10 -7.64362532E-09 -3.37078455E-08 -1.13884596E-07  1.30104261E-09 -7.68265659E-08  0.00000000E+00
  8.781709895412131E-004
  0.00000000E+00 -1.35832067E-07 -8.23885231E-08 -4.94545268E-08 -3.43610774E-08  4.15384957E-10 -7.91806399E-09  1.39252217E-08  9.39054607E-09 -8.40663259E-09
  1.35832067E-07  0.00000000E+00  1.81994177E-07  3.35777413E-08 -2.79046534E-08 -4.12904845E-08  4.35252962E-08  2.22803546E-09  1.17093835E-09 -2.47604671E-08
  8.23885231E-08 -1.81994177E-07  0.00000000E+00  2.93032742E-08  4.29289850E-08 -6.39516651E-08  3.84458090E-08  9.47592699E-09  4.87890978E-11 -3.96817995E-09
  4.94545268E-08 -3.35777413E-08 -2.93032742E-08  0.00000000E+00  1.59196115E-07 -7.47720028E-08  3.58328818E-09 -4.94613031E-08 -2.98155597E-09  5.49744712E-08
  3.43610774E-08  2.79046534E-08 -4.29289850E-08 -1.59196115E-07  0.00000000E+00  3.75101426E-07 -6.86083135E-08 -2.45300742E-08 -4.03323208E-09  3.86409654E-08
 -4.15384957E-10  4.12904845E-08  6.39516651E-08  7.47720028E-08 -3.75101426E-07  0.00000000E+00  8.31799907E-08 -2.50992803E-08 -1.37173259E-07 -6.57351777E-08
  7.91806399E-09 -4.35252962E-08 -3.84458090E-08 -3.58328818E-09  6.86083135E-08 -8.31799907E-08  0.00000000E+00  1.39710292E-07 -6.05310073E-08 -5.38306379E-08
 -1.39252217E-08 -2.22803546E-09 -9.47592699E-09  4.94613031E-08  2.45300742E-08  2.50992803E-08 -1.39710292E-07  0.00000000E+00  7.98406480E-08 -7.09718742E-08
 -9.39054607E-09 -1.17093835E-09 -4.87890978E-11  2.98155597E-09  4.03323208E-09  1.37173259E-07  6.05310073E-08 -7.98406480E-08  0.00000000E+00 -7.28410388E-07
  8.40663259E-09  2.47604671E-08  3.96817995E-09 -5.49744712E-08 -3.86409654E-08  6.57351777E-08  5.38306379E-08  7.09718742E-08  7.28410388E-07  0.00000000E+00
  9.934015735417910E-004
  0.00000000E+00  2.96632971E-07  4.78319505E-08  3.51213741E-08  2.04453425E-08  2.93147939E-08 -1.02036977E-08 -2.40313412E-08 -2.36295087E-08  1.41108913E-08
 -2.96632971E-07  0.00000000E+00 -4.13912475E-07 -7.13337267E-08 -5.36002449E-09  2.28360083E-08  4.32596667E-09 -6.26126755E-10 -1.75532332E-08  2.47170990E-08
 -4.78319505E-08  4.13912475E-07  0.00000000E+00 -1.71683414E-08 -4.69866117E-08  2.56793285E-08 -6.38595080E-09 -5.90890184E-10  2.95553512E-08 -1.66587664E-08
 -3.51213741E-08  7.13337267E-08  1.71683414E-08  0.00000000E+00 -1.40114157E-07 -2.71050543E-09  1.77483896E-08  5.30988014E-08 -1.07878116E-09  4.71682155E-08
 -2.04453425E-08  5.36002449E-09  4.69866117E-08  1.40114157E-07  0.00000000E+00 -1.75098651E-08 -5.07515037E-08 -3.19893851E-08 -1.28477957E-08 -4.10912623E-08
 -2.93147939E-08 -2.28360083E-08 -2.56793285E-08  2.71050543E-09  1.75098651E-08  0.00000000E+00  1.24282095E-07 -8.36028295E-08  2.17274115E-08 -5.33427469E-08
  1.02036977E-08 -4.32596667E-09  6.38595080E-09 -1.77483896E-08  5.07515037E-08 -1.24282095E-07  0.00000000E+00 -2.78845957E-07 -7.73036149E-09 -5.08382399E-08
  2.40313412E-08  6.26126755E-10  5.90890184E-10 -5.30988014E-08  3.19893851E-08  8.36028295E-08  2.78845957E-07  0.00000000E+00 -1.56396163E-07 -4.47341816E-08
  2.36295087E-08  1.75532332E-08 -2.95553512E-08  1.07878116E-09  1.28477957E-08 -2.17274115E-08  7.73036149E-09  1.56396163E-07  0.00000000E+00  4.58465731E-07
 -1.41108913E-08 -2.47170990E-08  1.66587664E-08 -4.71682155E-08  4.10912623E-08  5.33427469E-08  5.08382399E-08  4.47341816E-08 -4.58465731E-07  0.00000000E+00
  1.123752319386988E-003
  0.00000000E+00 -2.65905157E-07 -5.55867066E-08 -3.99220181E-08 -3.88700031E-08  3.24352632E-08 -1.25787781E-08  1.58672988E-08 -2.75793928E-09 -1.73797608E-08
  2.65905157E-07  0.00000000E+00  1.55002286E-07  4.89408861E-08  2.27980612E-08 -1.97514531E-08  5.99563801E-08 -8.97719399E-09 -7.40239033E-09 -2.48282297E-08
  5.55867066E-08 -1.55002286E-07  0.00000000E+00 -1.44171784E-08  7.62058602E-08  2.32832417E-09  1.64365049E-08 -1.15413321E-08 -3.74591851E-09  6.56484415E-09
  3.99220181E-08 -4.89408861E-08  1.44171784E-08  0.00000000E+00  3.55401472E-08 -2.07136825E-08  6.64073831E-09 -1.13515967E-08 -2.70128971E-08 -2.81350464E-09
  3.88700031E-08 -2.27980612E-08 -7.62058602E-08 -3.55401472E-08  0.00000000E+00 -1.81256919E-07  4.52925458E-08  3.92535397E-08 -4.13948389E-08  2.63461128E-09
 -3.24352632E-08  1.97514531E-08 -2.32832417E-09  2.07136825E-08  1.81256919E-07  0.00000000E+00  1.14372487E-07  6.64073831E-08 -1.30353627E-07  2.07949977E-08
  1.25787781E-08 -5.99563801E-08 -1.64365049E-08 -6.64073831E-09 -4.52925458E-08 -1.14372487E-07  0.00000000E+00 -1.26634814E-07  7.35739594E-08 -1.82796486E-08
 -1.58672988E-08  8.97719399E-09  1.15413321E-08  1.13515967E-08 -3.92535397E-08 -6.64073831E-08  1.26634814E-07  0.00000000E+00  5.21859032E-07  5.46004214E-08
  2.75793928E-09  7.40239033E-09  3.74591851E-09  2.70128971E-08  4.13948389E-08  1.30353627E-07 -7.35739594E-08 -5.21859032E-07  0.00000000E+00 -1.27675648E-07
  1.73797608E-08  2.48282297E-08 -6.56484415E-09  2.81350464E-09 -2.63461128E-09 -2.07949977E-08  1.82796486E-08 -5.46004214E-08  1.27675648E-07  0.00000000E+00
  1.271207242832611E-003
  0.00000000E+00  2.78633690E-07  1.37352491E-07  1.05480335E-07  5.08999039E-08 -8.99210177E-09  1.40580364E-08  1.13319456E-08  1.67963245E-08  8.11389801E-09
 -2.78633690E-07  0.00000000E+00 -1.46052197E-07 -7.24247051E-08 -3.99731788E-08  6.29975672E-08 -7.48912651E-09  4.33951920E-09  5.35866924E-09 -7.55417864E-09
 -1.37352491E-07  1.46052197E-07  0.00000000E+00 -5.86878636E-08 -1.01565349E-07  2.85334907E-08 -4.19830186E-08  2.61292724E-08  2.05564732E-08  1.23219577E-08
 -1.05480335E-07  7.24247051E-08  5.86878636E-08  0.00000000E+00 -4.83283118E-08 -3.51118874E-08  3.31223764E-08  2.58311168E-08  5.48606299E-09 -1.57751416E-09
 -5.08999039E-08  3.99731788E-08  1.01565349E-07  4.83283118E-08  0.00000000E+00 -3.08347098E-08 -3.96275894E-08 -5.24049120E-08 -8.97719399E-09 -3.28404838E-08
  8.99210177E-09 -6.29975672E-08 -2.85334907E-08  3.51118874E-08  3.08347098E-08  0.00000000E+00  5.02202446E-08  6.97575678E-08  1.05818132E-07  9.21571847E-09
 -1.40580364E-08  7.48912651E-09  4.19830186E-08 -3.31223764E-08  3.96275894E-08 -5.02202446E-08  0.00000000E+00 -3.61494688E-07 -9.17560299E-08  2.25622472E-08
 -1.13319456E-08 -4.33951920E-09 -2.61292724E-08 -2.58311168E-08  5.24049120E-08 -6.97575678E-08  3.61494688E-07  0.00000000E+00 -8.93382590E-08  8.65301754E-08
 -1.67963245E-08 -5.35866924E-09 -2.05564732E-08 -5.48606299E-09  8.97719399E-09 -1.05818132E-07  9.17560299E-08  8.93382590E-08  0.00000000E+00 -5.72328643E-07
 -8.11389801E-09  7.55417864E-09 -1.23219577E-08  1.57751416E-09  3.28404838E-08 -9.21571847E-09 -2.25622472E-08 -8.65301754E-08  5.72328643E-07  0.00000000E+00
  1.438010695374231E-003
  0.00000000E+00 -1.18764184E-07  7.70562813E-09  1.32011779E-08  2.27330091E-08 -6.70036943E-09  1.90955108E-09 -7.65446734E-09 -7.84420272E-09  9.58163670E-09
  1.18764184E-07  0.00000000E+00  4.37143540E-08  1.88651178E-09  3.10976288E-08  5.48606299E-09  7.20452344E-09 -2.09549175E-08 -1.56667214E-08  1.52303300E-08
 -7.70562813E-09 -4.37143540E-08  0.00000000E+00  2.92002750E-08  9.42713789E-09  2.51345169E-08 -3.02953192E-08  3.72369236E-08  8.66819637E-09  6.94431491E-09
 -1.32011779E-08 -1.88651178E-09 -2.92002750E-08  0.00000000E+00  4.30997469E-08 -7.84040801E-08 -1.96186383E-08  2.17978847E-08  2.20255671E-08 -2.04697370E-08
 -2.27330091E-08 -3.10976288E-08 -9.42713789E-09 -4.30997469E-08  0.00000000E+00  1.96186383E-07 -1.85615412E-08 -1.76508114E-08 -1.23815888E-08  3.22983827E-08
  6.70036943E-09 -5.48606299E-09 -2.51345169E-08  7.84040801E-08 -1.96186383E-07  0.00000000E+00 -7.20560764E-08  5.18682319E-08  3.68411898E-08 -5.30608543E-08
 -1.90955108E-09 -7.20452344E-09  3.02953192E-08  1.96186383E-08  1.85615412E-08  7.20560764E-08  0.00000000E+00 -3.08379624E-07 -1.17213097E-07  7.11236625E-08
  7.65446734E-09  2.09549175E-08 -3.72369236E-08 -2.17978847E-08  1.76508114E-08 -5.18682319E-08  3.08379624E-07  0.00000000E+00 -2.02648228E-07  1.44751832E-07
  7.84420272E-09  1.56667214E-08 -8.66819637E-09 -2.20255671E-08  1.23815888E-08 -3.68411898E-08  1.17213097E-07  2.02648228E-07  0.00000000E+00 -6.73723230E-08
 -9.58163670E-09 -1.52303300E-08 -6.94431491E-09  2.04697370E-08 -3.22983827E-08  5.30608543E-08 -7.11236625E-08 -1.44751832E-07  6.73723230E-08  0.00000000E+00
  1.626701524609683E-003
  0.00000000E+00 -4.95654882E-08 -1.62261020E-08 -1.44324250E-08 -3.78901554E-08  2.31843082E-08 -1.60814287E-08 -1.22928198E-08  7.91264298E-09  7.35766699E-09
  4.95654882E-08  0.00000000E+00  1.38935087E-07  2.62512451E-08  1.03487097E-08 -2.05889993E-08  2.54651985E-08 -3.31494814E-08 -1.10697042E-08  7.33191719E-09
  1.62261020E-08 -1.38935087E-07  0.00000000E+00 -6.64778562E-08  7.06547451E-08 -4.76344224E-08 -3.57244616E-08 -6.22874148E-09  1.84693840E-08  1.71574994E-08
  1.44324250E-08 -2.62512451E-08  6.64778562E-08  0.00000000E+00 -9.92424459E-08 -3.68737159E-08  2.06811564E-08 -4.92336207E-08  1.51950934E-08 -3.18484388E-08
  3.78901554E-08 -1.03487097E-08 -7.06547451E-08  9.92424459E-08  0.00000000E+00 -1.78297047E-08  7.93419150E-08 -1.74936021E-08 -4.22838847E-09  1.90277481E-08
 -2.31843082E-08  2.05889993E-08  4.76344224E-08  3.68737159E-08  1.78297047E-08  0.00000000E+00 -4.28259858E-09  9.86515557E-08  8.32016747E-08  7.69783542E-09
  1.60814287E-08 -2.54651985E-08  3.57244616E-08 -2.06811564E-08 -7.93419150E-08  4.28259858E-09  0.00000000E+00 -1.59377719E-08  7.60025723E-09 -9.54314752E-08
  1.22928198E-08  3.31494814E-08  6.22874148E-09  4.92336207E-08  1.74936021E-08 -9.86515557E-08  1.59377719E-08  0.00000000E+00  2.41267509E-07  8.29089401E-08
 -7.91264298E-09  1.10697042E-08 -1.84693840E-08 -1.51950934E-08  4.22838847E-09 -8.32016747E-08 -7.60025723E-09 -2.41267509E-07  0.00000000E+00  4.60113718E-07
 -7.35766699E-09 -7.33191719E-09 -1.71574994E-08  3.18484388E-08 -1.90277481E-08 -7.69783542E-09  9.54314752E-08 -8.29089401E-08 -4.60113718E-07  0.00000000E+00
  1.840151717007103E-003
  0.00000000E+00 -7.98094772E-08 -5.45306259E-08  3.05379094E-08 -1.47512482E-08 -5.93736215E-09 -4.26904605E-10 -1.44171784E-08 -1.93977321E-08 -2.14780450E-08
  7.98094772E-08  0.00000000E+00 -3.62137078E-08  3.59426573E-08  3.73101073E-09  8.61805202E-09 -2.51562009E-08  1.43168897E-08  2.21746449E-08 -2.13398093E-08
  5.45306259E-08  3.62137078E-08  0.00000000E+00  2.42151134E-07  1.11943874E-07 -9.32413868E-10 -7.93093889E-09  1.29887420E-08  2.11473634E-08 -2.31314533E-08
 -3.05379094E-08 -3.59426573E-08 -2.42151134E-07  0.00000000E+00  5.26434365E-08 -1.06251813E-09 -5.57930438E-08  1.42247325E-08  2.01119503E-09  8.04965903E-08
  1.47512482E-08 -3.73101073E-09 -1.11943874E-07 -5.26434365E-08  0.00000000E+00  7.82251867E-08 -4.48805489E-08  9.45261664E-08  7.16657636E-08 -4.07768437E-08
  5.93736215E-09 -8.61805202E-09  9.32413868E-10  1.06251813E-09 -7.82251867E-08  0.00000000E+00 -9.14199272E-08  5.34620091E-08  2.22369866E-08 -8.71698547E-09
  4.26904605E-10  2.51562009E-08  7.93093889E-09  5.57930438E-08  4.48805489E-08  9.14199272E-08  0.00000000E+00  1.32424453E-07 -1.25008510E-08 -3.96709575E-08
  1.44171784E-08 -1.43168897E-08 -1.29887420E-08 -1.42247325E-08 -9.45261664E-08 -5.34620091E-08 -1.32424453E-07  0.00000000E+00 -2.01770024E-08 -2.32854101E-07
  1.93977321E-08 -2.21746449E-08 -2.11473634E-08 -2.01119503E-09 -7.16657636E-08 -2.22369866E-08  1.25008510E-08  2.01770024E-08  0.00000000E+00  4.79217360E-09
  2.14780450E-08  2.13398093E-08  2.31314533E-08 -8.04965903E-08  4.07768437E-08  8.71698547E-09  3.96709575E-08  2.32854101E-07 -4.79217360E-09  0.00000000E+00
  2.081610111244394E-003
  0.00000000E+00  1.84485978E-07  5.14193045E-08  4.06375915E-08  3.49248625E-09 -9.91367361E-09  1.66404705E-08 -7.74797978E-09 -7.66463173E-09 -1.51815409E-08
 -1.84485978E-07  0.00000000E+00 -2.70013775E-08 -1.16713009E-07 -3.22699224E-08  3.40575007E-09 -8.63838081E-09  4.50458898E-08  1.85127521E-08  1.36230003E-08
 -5.14193045E-08  2.70013775E-08  0.00000000E+00 -6.48542635E-08 -1.14058069E-08  2.21990395E-09 -1.74664970E-08  7.25873354E-09 -6.01190105E-09  1.30158471E-08
 -4.06375915E-08  1.16713009E-07  6.48542635E-08  0.00000000E+00 -1.12640474E-07  4.31729305E-08 -4.20182552E-08 -3.85325452E-08  7.87130777E-09  3.11816545E-08
 -3.49248625E-09  3.22699224E-08  1.14058069E-08  1.12640474E-07  0.00000000E+00  1.51083573E-08 -1.18232247E-07  6.62826998E-08 -1.97975317E-08 -2.73544208E-08
  9.91367361E-09 -3.40575007E-09 -2.21990395E-09 -4.31729305E-08 -1.51083573E-08  0.00000000E+00 -7.67615138E-08  2.24646690E-08 -4.64472211E-08 -2.71484224E-08
 -1.66404705E-08  8.63838081E-09  1.74664970E-08  4.20182552E-08  1.18232247E-07  7.67615138E-08  0.00000000E+00 -9.32630709E-08 -3.51498344E-08 -7.75204553E-09
  7.74797978E-09 -4.50458898E-08 -7.25873354E-09  3.85325452E-08 -6.62826998E-08 -2.24646690E-08  9.32630709E-08  0.00000000E+00  4.84638371E-07 -5.45136852E-08
  7.66463173E-09 -1.85127521E-08  6.01190105E-09 -7.87130777E-09  1.97975317E-08  4.64472211E-08  3.51498344E-08 -4.84638371E-07  0.00000000E+00  8.36787237E-08
  1.51815409E-08 -1.36230003E-08 -1.30158471E-08 -3.11816545E-08  2.73544208E-08  2.71484224E-08  7.75204553E-09  5.45136852E-08 -8.36787237E-08  0.00000000E+00
  2.354751847463112E-003
  0.00000000E+00 -5.58251972E-07 -1.70976650E-07 -7.10687748E-08 -5.09588574E-08  2.26693122E-08 -1.26356987E-08  8.64312419E-09 -1.09436657E-09  1.60461922E-09
  5.58251972E-07  0.00000000E+00  1.59888650E-07  1.31616723E-07  4.64174055E-08 -5.83246559E-08  1.39916290E-08 -3.33907164E-08 -3.99176135E-08 -1.13407547E-08
  1.70976650E-07 -1.59888650E-07  0.00000000E+00  1.01061195E-07  1.17234781E-07 -7.35034863E-08 -7.86046575E-11 -3.39788961E-08  1.05059191E-08 -1.10913882E-08
  7.10687748E-08 -1.31616723E-07 -1.01061195E-07  0.00000000E+00  9.36181471E-08 -1.44090469E-08  4.05545823E-08 -5.14074460E-08  3.62990887E-08  6.68410639E-09
  5.09588574E-08 -4.64174055E-08 -1.17234781E-07 -9.36181471E-08  0.00000000E+00 -2.78520696E-07  9.31546507E-08 -8.68066469E-08 -4.04949511E-08 -9.44340092E-09
 -2.26693122E-08  5.83246559E-08  7.35034863E-08  1.44090469E-08  2.78520696E-07  0.00000000E+00 -1.32565400E-07  1.02229423E-07 -1.89735380E-09 -2.27140355E-08
  1.26356987E-08 -1.39916290E-08  7.86046575E-11 -4.05545823E-08 -9.31546507E-08  1.32565400E-07  0.00000000E+00 -1.50205369E-07 -1.52937558E-07  1.69352379E-08
 -8.64312419E-09  3.33907164E-08  3.39788961E-08  5.14074460E-08  8.68066469E-08 -1.02229423E-07  1.50205369E-07  0.00000000E+00 -3.39984117E-07  2.43186547E-08
  1.09436657E-09  3.99176135E-08 -1.05059191E-08 -3.62990887E-08  4.04949511E-08  1.89735380E-09  1.52937558E-07  3.39984117E-07  0.00000000E+00 -9.28077060E-09
 -1.60461922E-09  1.13407547E-08  1.10913882E-08 -6.68410639E-09  9.44340092E-09  2.27140355E-08 -1.69352379E-08 -2.43186547E-08  9.28077060E-09  0.00000000E+00
  2.663734305083775E-003
  0.00000000E+00 -8.49701101E-08 -2.56193585E-08  6.62932030E-08  4.66538971E-08  4.70408218E-09  6.62515290E-09 -1.07214042E-08  1.33004502E-08 -1.21891429E-08
  8.49701101E-08  0.00000000E+00 -2.13511256E-07  6.78303984E-09  2.05185261E-09  2.41465376E-08  2.55953028E-08 -5.58906220E-09  2.40855513E-08  1.77023110E-08
  2.56193585E-08  2.13511256E-07  0.00000000E+00  5.15646553E-08  9.67650439E-09  7.01478806E-09  2.94116944E-08 -2.64057439E-08 -2.55329612E-09  2.78206277E-08
 -6.62932030E-08 -6.78303984E-09 -5.15646553E-08  0.00000000E+00  9.19728703E-08  5.84276551E-08 -1.36988944E-08  1.41000493E-08  7.69783542E-09 -4.41216074E-08
 -4.66538971E-08 -2.05185261E-09 -9.67650439E-09 -9.19728703E-08  0.00000000E+00  1.23794204E-07 -1.44469939E-08 -5.16080234E-09 -2.49583340E-08 -4.31404044E-08
 -4.70408218E-09 -2.41465376E-08 -7.01478806E-09 -5.84276551E-08 -1.23794204E-07  0.00000000E+00  2.13338461E-07  2.17707796E-08 -4.82469967E-09  2.14238349E-08
 -6.62515290E-09 -2.55953028E-08 -2.94116944E-08  1.36988944E-08  1.44469939E-08 -2.13338461E-07  0.00000000E+00 -6.42172947E-08 -6.28837260E-08 -7.34872233E-08
  1.07214042E-08  5.58906220E-09  2.64057439E-08 -1.41000493E-08  5.16080234E-09 -2.17707796E-08  6.42172947E-08  0.00000000E+00 -1.72756774E-07 -8.43509290E-09
 -1.33004502E-08 -2.40855513E-08  2.55329612E-09 -7.69783542E-09  2.49583340E-08  4.82469967E-09  6.28837260E-08  1.72756774E-07  0.00000000E+00  3.66026653E-08
  1.21891429E-08 -1.77023110E-08 -2.78206277E-08  4.41216074E-08  4.31404044E-08 -2.14238349E-08  7.34872233E-08  8.43509290E-09 -3.66026653E-08  0.00000000E+00
  3.013260380589334E-003
  0.00000000E+00  1.48607695E-07 -1.64527680E-08  1.51415610E-09  7.58670470E-09 -8.57468393E-09 -4.44251840E-09  8.11796377E-10 -1.50995481E-08  4.77997633E-09
 -1.48607695E-07  0.00000000E+00  1.73235178E-08 -3.33256643E-08 -2.28875079E-08  2.11771789E-08 -2.07353665E-09 -9.14253482E-09 -1.82335700E-08  4.01967955E-09
  1.64527680E-08 -1.73235178E-08  0.00000000E+00  2.74953671E-07  2.00333456E-08 -4.13135238E-08 -3.48842049E-09  9.61687327E-09  5.27518567E-08  3.17074925E-08
 -1.51415610E-09  3.33256643E-08 -2.74953671E-07  0.00000000E+00  6.19269176E-08  5.24753851E-09  5.09575021E-10 -4.54280710E-09 -4.08310538E-08 -1.26960074E-08
 -7.58670470E-09  2.28875079E-08 -2.00333456E-08 -6.19269176E-08  0.00000000E+00 -7.76288755E-09  1.02310738E-07  2.95932983E-08 -1.34441069E-08  7.25331253E-09
  8.57468393E-09 -2.11771789E-08  4.13135238E-08 -5.24753851E-09  7.76288755E-09  0.00000000E+00 -2.08015029E-07 -7.28692280E-08  6.32957228E-08  8.44593492E-09
  4.44251840E-09  2.07353665E-09  3.48842049E-09 -5.09575021E-10 -1.02310738E-07  2.08015029E-07  0.00000000E+00 -3.08520570E-07 -7.70108803E-08 -2.96420874E-08
 -8.11796377E-10  9.14253482E-09 -9.61687327E-09  4.54280710E-09 -2.95932983E-08  7.28692280E-08  3.08520570E-07  0.00000000E+00 -3.08878357E-07  1.54390389E-08
  1.50995481E-08  1.82335700E-08 -5.27518567E-08  4.08310538E-08  1.34441069E-08 -6.32957228E-08  7.70108803E-08  3.08878357E-07  0.00000000E+00  2.27248775E-07
 -4.77997633E-09 -4.01967955E-09 -3.17074925E-08  1.26960074E-08 -7.25331253E-09 -8.44593492E-09  2.96420874E-08 -1.54390389E-08 -2.27248775E-07  0.00000000E+00
  3.408650068402310E-003
  0.00000000E+00 -7.11854959E-08  1.27732568E-10 -1.96447269E-08 -3.84532629E-08  8.73663663E-09  9.01785157E-09 -8.19589080E-09 -9.09306810E-09  3.29732986E-09
  7.11854959E-08  0.00000000E+00  2.79866462E-07  3.03915421E-08  7.13540555E-09  1.31391751E-08  4.28964590E-08 -1.20563282E-08 -1.54986701E-08  1.37693676E-08
 -1.27732568E-10 -2.79866462E-07  0.00000000E+00 -8.04315382E-08 -4.25278302E-08  1.10325703E-07 -5.49175505E-08 -1.12935919E-07 -4.66423775E-08  4.91035164E-08
  1.96447269E-08 -3.03915421E-08  8.04315382E-08  0.00000000E+00 -2.26056153E-08  2.77826807E-08  5.97558027E-08 -9.49761103E-09  1.46909394E-09  3.10678133E-08
  3.84532629E-08 -7.13540555E-09  4.25278302E-08  2.26056153E-08  0.00000000E+00 -9.51875297E-08  3.06503954E-08  1.07390225E-08  7.28583860E-09 -2.88397778E-09
 -8.73663663E-09 -1.31391751E-08 -1.10325703E-07 -2.77826807E-08  9.51875297E-08  0.00000000E+00 -4.44739731E-08  1.83013327E-08  1.00397121E-08 -8.62482828E-08
 -9.01785157E-09 -4.28964590E-08  5.49175505E-08 -5.97558027E-08 -3.06503954E-08  4.44739731E-08  0.00000000E+00 -4.09622423E-07  2.00035301E-08  9.76757737E-08
  8.19589080E-09  1.20563282E-08  1.12935919E-07  9.49761103E-09 -1.07390225E-08 -1.83013327E-08  4.09622423E-07  0.00000000E+00 -2.90967337E-07  1.20747596E-07
  9.09306810E-09  1.54986701E-08  4.66423775E-08 -1.46909394E-09 -7.28583860E-09 -1.00397121E-08 -2.00035301E-08  2.90967337E-07  0.00000000E+00  2.42015609E-07
 -3.29732986E-09 -1.37693676E-08 -4.91035164E-08 -3.10678133E-08  2.88397778E-09  8.62482828E-08 -9.76757737E-08 -1.20747596E-07 -2.42015609E-07  0.00000000E+00
  3.855921434358966E-003
  0.00000000E+00  1.82017385E-07 -4.84513010E-08  1.27702075E-08  2.01255028E-10 -3.82181266E-09  5.19807179E-09  1.76054104E-08  1.99364451E-08 -8.45000068E-09
 -1.82017385E-07  0.00000000E+00 -5.12380394E-08  5.35595873E-08 -4.27717757E-09 -4.87972293E-08  1.90602742E-08  2.52619106E-09 -3.53585434E-08 -3.35560572E-09
  4.84513010E-08  5.12380394E-08  0.00000000E+00  1.66910214E-07  8.52291328E-08  1.33627918E-07 -7.18311044E-08  2.67255836E-09  5.10388173E-08  5.68664039E-09
 -1.27702075E-08 -5.35595873E-08 -1.66910214E-07  0.00000000E+00 -3.46895906E-07 -1.15933738E-07  5.86878636E-08 -2.75929453E-09 -4.09665791E-08  3.06829215E-09
