  2.000000000000000E-004
 -1.24869385E-23  3.11283295E-24 -2.03432141E-24 -9.65765523E-24 -5.85269810E-24 -1.73696662E-23 -7.64143875E-24  2.66792538E-24  3.76653874E-24 -1.48574843E-24
  3.11283295E-24 -3.67237739E-23  2.53922366E-24  9.42359297E-24  1.10247429E-23  2.96687072E-24  1.69887780E-23 -1.74996178E-23  1.87664656E-24 -4.11695111E-24
 -2.03432141E-24  2.53922366E-24 -2.97168664E-23 -1.06826641E-23 -1.85847337E-24  2.19147940E-23 -5.07915005E-25  9.53682216E-25 -1.85994726E-23  9.73017668E-24
 -9.65765523E-24  9.42359297E-24 -1.06826641E-23 -1.47453135E-23 -1.26771339E-23 -1.34520197E-23 -6.75062182E-24  8.40765561E-24  5.01703705E-24  4.75799772E-24
 -5.85269810E-24  1.10247429E-23 -1.85847337E-24 -1.26771339E-23 -1.28163127E-22  1.69249007E-23 -7.19941950E-23  4.12982855E-23  8.90645098E-24  3.55297563E-23
 -1.73696662E-23  2.96687072E-24  2.19147940E-23 -1.34520197E-23  1.69249007E-23 -1.63242755E-22 -2.06105389E-24  2.35118039E-23  6.34016934E-23  8.59056297E-24
 -7.64143875E-24  1.69887780E-23 -5.07915005E-25 -6.75062182E-24 -7.19941950E-23 -2.06105389E-24 -1.59150416E-22  8.91365397E-23 -4.01218266E-23  9.72463520E-24
  2.66792538E-24 -1.74996178E-23  9.53682216E-25  8.40765561E-24  4.12982855E-23  2.35118039E-23  8.91365397E-23 -1.32216546E-22  2.43447219E-23 -1.05583749E-22
  3.76653874E-24  1.87664656E-24 -1.85994726E-23  5.01703705E-24  8.90645098E-24  6.34016934E-23 -4.01218266E-23  2.43447219E-23 -1.80929260E-22  1.05739868E-22
 -1.48574843E-24 -4.11695111E-24  9.73017668E-24  4.75799772E-24  3.55297563E-23  8.59056297E-24  9.72463520E-24 -1.05583749E-22  1.05739868E-22 -4.45971853E-22
  2.262433137448046E-004
 -8.09786809E-23  3.52794107E-23  1.27696144E-23  5.47100531E-24 -1.99910842E-23  1.51375636E-23 -1.68637454E-23  3.88655840E-24  8.91712620E-24  1.14568063E-23
  3.52794107E-23 -5.62325623E-23 -4.65166526E-23 -1.90628868E-23 -1.95245834E-24 -1.72266041E-24  5.70212946E-24  3.27218076E-24  2.06574396E-24 -2.74317929E-24
  1.27696144E-23 -4.65166526E-23 -6.12582477E-23 -1.56898200E-23 -2.41849060E-24 -2.36670852E-24  6.41432562E-24 -9.06597996E-25  2.93607001E-24 -5.76970181E-25
  5.47100531E-24 -1.90628868E-23 -1.56898200E-23 -4.04828386E-23 -1.35928061E-25  1.34169327E-23  1.90500233E-23  7.34500296E-24 -9.42480458E-24  7.49005915E-24
 -1.99910842E-23 -1.95245834E-24 -2.41849060E-24 -1.35928061E-25 -5.01305567E-23 -3.95680326E-24  2.08321928E-23  3.26644545E-23  1.13184853E-23 -1.94296405E-23
  1.51375636E-23 -1.72266041E-24 -2.36670852E-24  1.34169327E-23 -3.95680326E-24 -2.24430278E-23  7.84112969E-24 -5.91565811E-24 -3.51486091E-24 -1.71810979E-23
 -1.68637454E-23  5.70212946E-24  6.41432562E-24  1.90500233E-23  2.08321928E-23  7.84112969E-24 -7.24105520E-23 -9.98514584E-24  3.17839677E-23  8.19620994E-24
  3.88655840E-24  3.27218076E-24 -9.06597996E-25  7.34500296E-24  3.26644545E-23 -5.91565811E-24 -9.98514584E-24 -9.00802929E-23 -3.66608848E-23  7.25039116E-23
  8.91712620E-24  2.06574396E-24  2.93607001E-24 -9.42480458E-24  1.13184853E-23 -3.51486091E-24  3.17839677E-23 -3.66608848E-23 -1.99165094E-22 -9.17259662E-23
  1.14568063E-23 -2.74317929E-24 -5.76970181E-25  7.49005915E-24 -1.94296405E-23 -1.71810979E-23  8.19620994E-24  7.25039116E-23 -9.17259662E-23 -2.32431731E-22
  2.559301850711501E-004
 -8.72918953E-23 -1.00369214E-24 -2.77859622E-23  8.13170369E-24  1.14764523E-23  1.86939864E-25 -2.63591764E-24  3.37120834E-24  1.77818589E-24  2.45888715E-24
 -1.00369214E-24 -9.98957047E-23  4.82761425E-24  1.56181082E-23  1.16694912E-23 -9.72045426E-24 -5.36224163E-25  3.91569462E-24  9.54656674E-24  7.32884878E-24
 -2.77859622E-23  4.82761425E-24 -2.25426142E-23 -8.20584857E-25  1.67373481E-23 -2.60260925E-24  6.29491109E-25 -9.67619520E-25  1.19011474E-23 -6.50982140E-24
  8.13170369E-24  1.56181082E-23 -8.20584857E-25 -1.79319588E-23 -3.14597716E-25  5.27250852E-24  1.08656291E-23  7.53597323E-24 -9.32851574E-24  6.73438471E-24
  1.14764523E-23  1.16694912E-23  1.67373481E-23 -3.14597716E-25 -3.90241902E-23 -3.49330992E-24 -1.94975436E-25  4.94471485E-24 -1.47417487E-23 -7.84557134E-24
  1.86939864E-25 -9.72045426E-24 -2.60260925E-24  5.27250852E-24 -3.49330992E-24 -5.65154264E-23  4.00531532E-23 -3.25296914E-23  4.94223956E-24 -1.17410187E-24
 -2.63591764E-24 -5.36224163E-25  6.29491109E-25  1.08656291E-23 -1.94975436E-25  4.00531532E-23 -6.80926665E-23  2.20723981E-23  1.07739279E-23 -1.08941680E-23
  3.37120834E-24  3.91569462E-24 -9.67619520E-25  7.53597323E-24  4.94471485E-24 -3.25296914E-23  2.20723981E-23 -5.29791333E-23 -7.47282468E-24 -4.91962155E-24
  1.77818589E-24  9.54656674E-24  1.19011474E-23 -9.32851574E-24 -1.47417487E-23  4.94223956E-24  1.07739279E-23 -7.47282468E-24 -4.07164355E-23  2.64701150E-23
  2.45888715E-24  7.32884878E-24 -6.50982140E-24  6.73438471E-24 -7.84557134E-24 -1.17410187E-24 -1.08941680E-23 -4.91962155E-24  2.64701150E-23 -9.60727299E-23
  2.895124657890906E-004
 -4.55326339E-23  1.69394219E-23 -4.56701588E-23 -2.39318757E-24 -2.32173916E-23  2.82979012E-24  1.37695359E-24  8.52146480E-24 -2.12015564E-24  6.33048981E-25
  1.69394219E-23 -6.98127806E-23 -2.37148811E-23 -1.09881788E-23  1.82355840E-24 -4.72918821E-24 -1.28778910E-23 -1.76012013E-24 -1.17838487E-23  6.84364286E-24
 -4.56701588E-23 -2.37148811E-23 -9.57626707E-23 -1.58587970E-23  7.28217110E-24  9.31841517E-24 -4.83744159E-24  5.86057142E-24 -1.13641228E-23  1.11652942E-24
 -2.39318757E-24 -1.09881788E-23 -1.58587970E-23 -8.76974734E-23 -3.24141854E-23  2.83688162E-23  1.08092835E-23 -1.29088774E-23  8.71247139E-24  5.32533383E-24
 -2.32173916E-23  1.82355840E-24  7.28217110E-24 -3.24141854E-23 -1.06735380E-22  1.28958396E-23  2.06170285E-23 -2.18103733E-23  7.53823079E-24  7.25715192E-24
  2.82979012E-24 -4.72918821E-24  9.31841517E-24  2.83688162E-23  1.28958396E-23 -1.99855716E-22  5.66593700E-24  5.72153057E-23  5.03681009E-23 -1.66992099E-23
  1.37695359E-24 -1.28778910E-23 -4.83744159E-24  1.08092835E-23  2.06170285E-23  5.66593700E-24 -2.19241984E-22  4.46751131E-23 -4.78384335E-25 -3.59699933E-23
  8.52146480E-24 -1.76012013E-24  5.86057142E-24 -1.29088774E-23 -2.18103733E-23  5.72153057E-23  4.46751131E-23 -1.52969423E-22 -6.08731610E-23  2.31763836E-23
 -2.12015564E-24 -1.17838487E-23 -1.13641228E-23  8.71247139E-24  7.53823079E-24  5.03681009E-23 -4.78384335E-25 -6.08731610E-23 -1.62592649E-22  3.16419619E-23
  6.33048981E-25  6.84364286E-24  1.11652942E-24  5.32533383E-24  7.25715192E-24 -1.66992099E-23 -3.59699933E-23  2.31763836E-23  3.16419619E-23 -9.51733544E-23
  3.275012981527661E-004
 -6.94616309E-23  3.38251394E-23  1.22413526E-23  2.53249570E-24  5.92518425E-24 -4.08805033E-24 -1.27521501E-23 -1.05297576E-24  6.97465465E-25 -4.98323713E-24
  3.38251394E-23 -5.25937565E-23 -3.96686108E-24  3.70238410E-24 -1.04776492E-23 -9.22066516E-24  1.20991928E-23 -4.26642715E-24 -1.05592161E-24  6.69679072E-25
  1.22413526E-23 -3.96686108E-24 -7.06417875E-23 -2.34615612E-23  1.56021742E-23 -3.46142360E-24  2.52233334E-23  8.56813510E-24  2.11445458E-24 -9.52218086E-24
  2.53249570E-24  3.70238410E-24 -2.34615612E-23 -5.00396609E-23 -1.19477571E-23 -4.05472025E-24  1.80914845E-23  7.24065729E-24  1.20025217E-24  8.98022491E-25
  5.92518425E-24 -1.04776492E-23  1.56021742E-23 -1.19477571E-23 -3.45429535E-23  1.99508200E-23  3.38331177E-23  9.77938760E-24 -2.37311989E-23 -7.33143206E-24
 -4.08805033E-24 -9.22066516E-24 -3.46142360E-24 -4.05472025E-24  1.99508200E-23 -1.69897925E-22  1.59949216E-23  4.72563351E-23  7.33922820E-24  3.46491667E-25
 -1.27521501E-23  1.20991928E-23  2.52233334E-23  1.80914845E-23  3.38331177E-23  1.59949216E-23 -1.19336851E-22 -4.07420060E-23  6.40153823E-23  6.54391169E-23
 -1.05297576E-24 -4.26642715E-24  8.56813510E-24  7.24065729E-24  9.77938760E-24  4.72563351E-23 -4.07420060E-23 -1.59006789E-22  4.10180910E-23  9.16909505E-23
  6.97465465E-25 -1.05592161E-24  2.11445458E-24  1.20025217E-24 -2.37311989E-23  7.33922820E-24  6.40153823E-23  4.10180910E-23 -1.18500946E-22 -1.21139734E-22
 -4.98323713E-24  6.69679072E-25 -9.52218086E-24  8.98022491E-25 -7.33143206E-24  3.46491667E-25  6.54391169E-23  9.16909505E-23 -1.21139734E-22 -4.19006296E-22
  3.704748947490349E-004
 -1.03269528E-22  2.15995266E-23 -4.22431320E-23  1.84142070E-23  3.81650229E-23  4.34775784E-24 -4.45337023E-24  1.14055152E-24 -8.68889720E-24  3.39142195E-24
  2.15995266E-23 -1.68574825E-22  1.55284728E-23  2.35012720E-23 -1.15311349E-23  6.32816687E-24 -1.45637928E-23  6.15700347E-24  6.77288238E-25 -6.78107776E-25
 -4.22431320E-23  1.55284728E-23 -2.99832395E-23 -4.29941639E-24  2.80985394E-23 -9.64296385E-24  7.86376692E-26 -3.97624798E-24 -4.30082621E-24 -1.77070010E-23
  1.84142070E-23  2.35012720E-23 -4.29941639E-24 -7.48377313E-23 -3.30574845E-23 -4.02852143E-23 -5.22849973E-24  7.35216903E-24 -3.61769292E-24 -2.43028738E-24
  3.81650229E-23 -1.15311349E-23  2.80985394E-23 -3.30574845E-23 -9.32354507E-23  8.21465385E-25  5.47803708E-24  2.35365706E-23  1.63784513E-23 -2.61986442E-23
  4.34775784E-24  6.32816687E-24 -9.64296385E-24 -4.02852143E-23  8.21465385E-25 -4.82962642E-23 -2.06657402E-23 -1.68186237E-24 -3.92671708E-23 -2.83846665E-23
 -4.45337023E-24 -1.45637928E-23  7.86376692E-26 -5.22849973E-24  5.47803708E-24 -2.06657402E-23 -8.80132240E-23 -2.50235773E-23  1.17518594E-23  2.98037770E-23
  1.14055152E-24  6.15700347E-24 -3.97624798E-24  7.35216903E-24  2.35365706E-23 -1.68186237E-24 -2.50235773E-23 -8.95512478E-23 -7.37096680E-24  5.17678532E-23
 -8.68889720E-24  6.77288238E-25 -4.30082621E-24 -3.61769292E-24  1.63784513E-23 -3.92671708E-23  1.17518594E-23 -7.37096680E-24 -1.48965314E-22 -4.97732006E-23
  3.39142195E-24 -6.78107776E-25 -1.77070010E-23 -2.43028738E-24 -2.61986442E-23 -2.83846665E-23  2.98037770E-23  5.17678532E-23 -4.97732006E-23 -3.65481386E-22
  4.190873392363967E-004
 -2.21161581E-23  2.31451268E-23 -8.84254063E-24 -7.49113742E-24 -9.68449252E-24  6.73738937E-24 -5.21836393E-24  9.23896138E-25 -4.89802051E-24  3.11587374E-24
  2.31451268E-23 -5.36126312E-23 -1.03643857E-23 -9.84268029E-24  8.57495734E-24 -1.15000343E-23  1.61836297E-24  3.28864586E-23  1.92755581E-24 -1.96319103E-24
 -8.84254063E-24 -1.03643857E-23 -5.99921218E-23 -2.22165617E-23  7.26996634E-24  6.41222751E-24 -1.05185445E-23  1.11130959E-23  5.93975339E-24 -4.21628704E-24
 -7.49113742E-24 -9.84268029E-24 -2.22165617E-23 -3.11917423E-23  5.06145980E-24 -2.23332611E-24  2.13329353E-23  3.70998313E-23 -2.31999519E-23 -5.15897756E-24
 -9.68449252E-24  8.57495734E-24  7.26996634E-24  5.06145980E-24 -3.41139471E-23  3.73705395E-24 -1.53143059E-23 -3.09357251E-24 -4.50360604E-24 -4.07595872E-24
  6.73738937E-24 -1.15000343E-23  6.41222751E-24 -2.23332611E-24  3.73705395E-24 -2.22151097E-23  7.89166122E-24  4.25608187E-23 -2.85325898E-23  1.09069724E-23
 -5.21836393E-24  1.61836297E-24 -1.05185445E-23  2.13329353E-23 -1.53143059E-23  7.89166122E-24 -1.19333743E-22 -2.97831931E-23  7.83449504E-23  2.13364012E-23
  9.23896138E-25  3.28864586E-23  1.11130959E-23  3.70998313E-23 -3.09357251E-24  4.25608187E-23 -2.97831931E-23 -2.99636888E-22  9.95568164E-23 -2.54872783E-24
 -4.89802051E-24  1.92755581E-24  5.93975339E-24 -2.31999519E-23 -4.50360604E-24 -2.85325898E-23  7.83449504E-23  9.95568164E-23 -1.19012469E-22 -5.67427111E-24
  3.11587374E-24 -1.96319103E-24 -4.21628704E-24 -5.15897756E-24 -4.07595872E-24  1.09069724E-23  2.13364012E-23 -2.54872783E-24 -5.67427111E-24 -5.68066481E-23
  4.740785418866772E-004
 -1.27845676E-22 -2.52843603E-23 -1.34612474E-23 -2.75242916E-23 -2.05015210E-23  2.94155420E-25  2.58736607E-24  3.50023238E-24  2.84825010E-24 -5.21810719E-24
 -2.52843603E-23 -1.55563916E-22 -1.26608399E-23 -5.87877647E-24  1.78275429E-24 -1.70368021E-23  1.31876698E-23  1.34795717E-23  1.74960632E-24 -1.19462591E-23
 -1.34612474E-23 -1.26608399E-23 -6.36242733E-24 -3.64144108E-24 -2.88515657E-24  8.97497046E-24 -4.51746674E-24 -1.80507348E-25 -5.98189085E-24 -7.20830606E-24
 -2.75242916E-23 -5.87877647E-24 -3.64144108E-24 -1.77221705E-23 -1.34895000E-23  2.32842968E-23 -8.57892554E-24 -2.05973460E-23  1.18595583E-26  7.27180853E-24
 -2.05015210E-23  1.78275429E-24 -2.88515657E-24 -1.34895000E-23 -1.98524622E-23  2.34216618E-23 -1.93558921E-23 -1.94788918E-23 -2.95367810E-24  3.24236881E-23
  2.94155420E-25 -1.70368021E-23  8.97497046E-24  2.32842968E-23  2.34216618E-23 -1.27485564E-22  5.65946421E-23  7.90537269E-23  2.51503119E-23  1.38082637E-23
  2.58736607E-24  1.31876698E-23 -4.51746674E-24 -8.57892554E-24 -1.93558921E-23  5.65946421E-23 -2.06732535E-22 -3.33144205E-23 -3.52966741E-23 -1.90239067E-23
  3.50023238E-24  1.34795717E-23 -1.80507348E-25 -2.05973460E-23 -1.94788918E-23  7.90537269E-23 -3.33144205E-23 -1.11372991E-22  9.66701997E-24 -6.22402849E-25
  2.84825010E-24  1.74960632E-24 -5.98189085E-24  1.18595583E-26 -2.95367810E-24  2.51503119E-23 -3.52966741E-23  9.66701997E-24 -5.48491158E-23 -7.05998288E-23
 -5.21810719E-24 -1.19462591E-23 -7.20830606E-24  7.27180853E-24  3.24236881E-23  1.38082637E-23 -1.90239067E-23 -6.22402849E-25 -7.05998288E-23 -4.94720329E-22
  5.362855014587344E-004
 -8.41157572E-23 -7.90805151E-24  5.59367287E-23 -8.09577184E-23  2.03683134E-23  1.46282658E-23 -1.15373860E-23  9.90531969E-24  2.04770123E-24  1.88553210E-24
 -7.90805151E-24 -1.04548499E-22 -5.47788256E-23 -5.34221740E-23  1.08437132E-22  1.19198765E-23 -2.57248818E-24  7.12948785E-24 -3.60098525E-24  1.79503767E-23
  5.59367287E-23 -5.47788256E-23 -1.40153363E-22  6.13129923E-23  1.44847588E-22 -2.20796229E-23  7.64022790E-25  1.36661785E-23  1.33220386E-23  2.31658445E-23
 -8.09577184E-23 -5.34221740E-23  6.13129923E-23 -5.05446308E-22  1.36345545E-22  7.13625305E-23  8.75934922E-25 -5.19033893E-23 -2.20507745E-23 -1.29040627E-23
  2.03683134E-23  1.08437132E-22  1.44847588E-22  1.36345545E-22 -4.12503804E-22  4.10368476E-24  7.23250895E-23 -9.25675097E-23 -3.22826808E-23 -3.11508073E-23
  1.46282658E-23  1.19198765E-23 -2.20796229E-23  7.13625305E-23  4.10368476E-24 -3.87764635E-23 -4.82587735E-24 -4.70032932E-24  3.87124851E-23 -7.84452403E-26
 -1.15373860E-23 -2.57248818E-24  7.64022790E-25  8.75934922E-25  7.23250895E-23 -4.82587735E-24 -9.60689992E-23  4.34794445E-23 -1.12176312E-23 -2.20608617E-23
  9.90531969E-24  7.12948785E-24  1.36661785E-23 -5.19033893E-23 -9.25675097E-23 -4.70032932E-24  4.34794445E-23 -1.60569455E-22 -3.26257709E-23  2.62640221E-23
  2.04770123E-24 -3.60098525E-24  1.33220386E-23 -2.20507745E-23 -3.22826808E-23  3.87124851E-23 -1.12176312E-23 -3.26257709E-23 -1.37580056E-22  7.19551325E-24
  1.88553210E-24  1.79503767E-23  2.31658445E-23 -1.29040627E-23 -3.11508073E-23 -7.84452403E-26 -2.20608617E-23  2.62640221E-23  7.19551325E-24 -9.60317256E-23
  6.066550448165914E-004
 -4.20184569E-24  1.78229168E-26  5.16742896E-24  3.42304717E-24 -1.64689466E-24  5.27423389E-24  1.96144824E-24  2.12129155E-24  5.31064614E-24 -1.02977236E-24
  1.78229168E-26 -7.71752048E-24 -6.11942516E-24 -8.21449548E-24  3.35033264E-25  4.77176842E-24  4.64565169E-24 -5.78324888E-24 -8.04526450E-25 -6.80094042E-24
  5.16742896E-24 -6.11942516E-24 -2.26166241E-23 -5.57751724E-24  1.47811638E-24 -2.77828272E-24  3.08536219E-24 -6.95035409E-24 -5.47863105E-24 -4.57114608E-24
  3.42304717E-24 -8.21449548E-24 -5.57751724E-24 -2.53706242E-23  4.20470486E-24  7.58460056E-24 -2.57969306E-24 -8.62221776E-24 -1.28371790E-23  5.87449572E-24
 -1.64689466E-24  3.35033264E-25  1.47811638E-24  4.20470486E-24 -1.13360873E-23 -4.08876722E-24  5.19603812E-24 -3.20247714E-24  4.30326131E-24 -7.88341518E-24
  5.27423389E-24  4.77176842E-24 -2.77828272E-24  7.58460056E-24 -4.08876722E-24 -5.76793607E-23  1.81436223E-24  3.18478944E-24 -9.67538964E-24 -5.50463405E-24
  1.96144824E-24  4.64565169E-24  3.08536219E-24 -2.57969306E-24  5.19603812E-24  1.81436223E-24 -6.33808605E-23 -7.29481804E-24  8.01709904E-25  4.28807256E-25
  2.12129155E-24 -5.78324888E-24 -6.95035409E-24 -8.62221776E-24 -3.20247714E-24  3.18478944E-24 -7.29481804E-24 -8.39844974E-23 -5.14340425E-24 -5.01307353E-23
  5.31064614E-24 -8.04526450E-25 -5.47863105E-24 -1.28371790E-23  4.30326131E-24 -9.67538964E-24  8.01709904E-25 -5.14340425E-24 -4.66745882E-23  2.71503510E-23
 -1.02977236E-24 -6.80094042E-24 -4.57114608E-24  5.87449572E-24 -7.88341518E-24 -5.50463405E-24  4.28807256E-25 -5.01307353E-23  2.71503510E-23 -1.15072121E-22
  6.862582381965422E-004
 -3.15050826E-22 -4.47586030E-23  4.90156815E-23 -9.36485038E-23 -2.75356469E-23  9.06579583E-24 -2.62758658E-23 -9.76462660E-24 -1.30610190E-23  1.25077347E-23
 -4.47586030E-23 -3.11449865E-22 -1.35356691E-22 -6.58801031E-23 -1.14531223E-23  4.24672891E-24  2.07548768E-23 -1.89970639E-24 -3.27163856E-24  1.32048807E-24
  4.90156815E-23 -1.35356691E-22 -1.09207099E-22 -3.17321663E-23  1.35417395E-23  7.51701093E-24  7.87735403E-24  1.54968921E-23  1.51430542E-23 -4.58450675E-24
 -9.36485038E-23 -6.58801031E-23 -3.17321663E-23 -6.89616509E-23 -1.05064732E-23 -1.15783316E-23 -1.58434399E-23 -7.83313553E-24  2.22240411E-24  1.46529538E-24
 -2.75356469E-23 -1.14531223E-23  1.35417395E-23 -1.05064732E-23 -4.94928937E-23 -1.03039113E-23 -8.31467186E-24 -1.04220551E-23  2.88672600E-23 -4.96726274E-24
  9.06579583E-24  4.24672891E-24  7.51701093E-24 -1.15783316E-23 -1.03039113E-23 -4.81105687E-23 -2.60192492E-23 -1.75094792E-23  6.46861473E-24  5.95416539E-26
 -2.62758658E-23  2.07548768E-23  7.87735403E-24 -1.58434399E-23 -8.31467186E-24 -2.60192492E-23 -1.12922348E-22  1.16504649E-23  3.11936871E-23 -1.82625440E-23
 -9.76462660E-24 -1.89970639E-24  1.54968921E-23 -7.83313553E-24 -1.04220551E-23 -1.75094792E-23  1.16504649E-23 -6.58982761E-23 -1.30277410E-23 -1.45208903E-23
 -1.30610190E-23 -3.27163856E-24  1.51430542E-23  2.22240411E-24  2.88672600E-23  6.46861473E-24  3.11936871E-23 -1.30277410E-23 -1.54646906E-22 -1.32558143E-23
  1.25077347E-23  1.32048807E-24 -4.58450675E-24  1.46529538E-24 -4.96726274E-24  5.95416539E-26 -1.82625440E-23 -1.45208903E-23 -1.32558143E-23 -1.22461321E-22
  7.763066894712856E-004
 -1.28131406E-23 -7.77377677E-24 -1.20825540E-24 -5.56512232E-24  3.59851878E-24 -3.59875618E-24  6.83543435E-27 -1.91031589E-24  1.25339057E-24 -4.57237225E-24
 -7.77377677E-24 -2.05076689E-23  1.08515568E-23  1.89350636E-24 -5.76819745E-24  8.29017210E-25  6.67975447E-24 -1.67405056E-24 -6.62159770E-24  3.54101741E-24
 -1.20825540E-24  1.08515568E-23 -3.19472191E-23 -1.11394768E-23  1.02111178E-23 -1.08608868E-23  1.64083999E-24  8.28137881E-24 -1.73856283E-24  3.24818500E-24
 -5.56512232E-24  1.89350636E-24 -1.11394768E-23 -6.08864323E-23  8.32022444E-24 -1.48111815E-23  4.12057044E-24 -1.07332688E-24 -7.14182553E-25  8.09940155E-24
  3.59851878E-24 -5.76819745E-24  1.02111178E-23  8.32022444E-24 -2.00801104E-23  1.67773393E-23  7.84567730E-25  3.93937240E-24 -7.55458815E-24  9.02311538E-24
 -3.59875618E-24  8.29017210E-25 -1.08608868E-23 -1.48111815E-23  1.67773393E-23 -4.18373937E-23 -2.13209838E-24 -5.48495563E-24 -1.14008174E-23  2.39797058E-23
  6.83543435E-27  6.67975447E-24  1.64083999E-24  4.12057044E-24  7.84567730E-25 -2.13209838E-24 -3.85275248E-23  6.19912276E-25  1.46788980E-23 -1.96626539E-23
 -1.91031589E-24 -1.67405056E-24  8.28137881E-24 -1.07332688E-24  3.93937240E-24 -5.48495563E-24  6.19912276E-25 -4.78886587E-23  4.77519735E-23  1.43574597E-23
  1.25339057E-24 -6.62159770E-24 -1.73856283E-24 -7.14182553E-25 -7.55458815E-24 -1.14008174E-23  1.46788980E-23  4.77519735E-23 -1.27009025E-22  2.33254663E-23
 -4.57237225E-24  3.54101741E-24  3.24818500E-24  8.09940155E-24  9.02311538E-24  2.39797058E-23 -1.96626539E-23  1.43574597E-23  2.33254663E-23 -2.15518851E-22
  8.781709895412131E-004
 -9.16468203E-24 -1.11710179E-23 -2.06806160E-24 -2.51221329E-24 -4.09987191E-24  5.77625891E-25  1.22426193E-24 -2.67664332E-24  6.83299638E-25  2.07774773E-24
 -1.11710179E-23 -2.25413542E-23 -2.95873518E-24  2.23017580E-24 -6.79324120E-24 -1.19951889E-23  6.90061791E-24  3.95088755E-24  3.63786484E-24 -2.95950022E-24
 -2.06806160E-24 -2.95873518E-24 -3.30177361E-23  2.07658362E-23 -1.06562623E-23 -8.53003239E-24  6.95698599E-24 -1.09416230E-23  1.52969563E-23  1.73988378E-23
 -2.51221329E-24  2.23017580E-24  2.07658362E-23 -2.86733233E-23  7.30190842E-24  2.22397669E-23 -3.13418062E-23  2.44533416E-25 -3.10612392E-23 -2.08195948E-23
 -4.09987191E-24 -6.79324120E-24 -1.06562623E-23  7.30190842E-24 -1.90099727E-23 -2.19779755E-24  1.23330237E-23 -4.48659836E-23  1.02467987E-23 -1.22246921E-24
  5.77625891E-25 -1.19951889E-23 -8.53003239E-24  2.22397669E-23 -2.19779755E-24 -1.63936434E-22 -4.69349627E-23  5.41305539E-23 -2.22173951E-23  4.72668003E-23
  1.22426193E-24  6.90061791E-24  6.95698599E-24 -3.13418062E-23  1.23330237E-23 -4.69349627E-23 -2.96516354E-22  1.27409814E-23 -1.61015967E-22  5.50003866E-24
 -2.67664332E-24  3.95088755E-24 -1.09416230E-23  2.44533416E-25 -4.48659836E-23  5.41305539E-23  1.27409814E-23 -3.11477704E-22 -6.06600313E-23  1.77254967E-23
  6.83299638E-25  3.63786484E-24  1.52969563E-23 -3.10612392E-23  1.02467987E-23 -2.22173951E-23 -1.61015967E-22 -6.06600313E-23 -2.50956178E-22  2.36530547E-23
  2.07774773E-24 -2.95950022E-24  1.73988378E-23 -2.08195948E-23 -1.22246921E-24  4.72668003E-23  5.50003866E-24  1.77254967E-23  2.36530547E-23 -1.10302230E-22
  9.934015735417910E-004
 -1.32870431E-23 -2.16614214E-23  2.80538114E-23 -1.76361796E-23 -9.08237600E-25  2.34538643E-24  9.96562690E-25 -8.28568183E-24  1.37501027E-24  3.89732262E-25
 -2.16614214E-23 -9.45737672E-23  3.50822574E-23 -7.89761182E-23  1.24293619E-23  1.39200791E-24  7.77374265E-24 -1.49526629E-23 -1.72771438E-23 -2.34056879E-24
  2.80538114E-23  3.50822574E-23 -1.85582254E-22  1.62558097E-23  3.64091068E-24  1.34850287E-23  2.74746442E-24  2.13172967E-23  1.73563207E-23  1.39260563E-23
 -1.76361796E-23 -7.89761182E-23  1.62558097E-23 -7.99355914E-23  1.65258547E-23  1.39472243E-23  1.68415016E-23 -4.70243895E-24 -9.65607945E-24  1.47975985E-23
 -9.08237600E-25  1.24293619E-23  3.64091068E-24  1.65258547E-23 -1.50722634E-23 -1.15283627E-24 -9.25784997E-24 -1.02564469E-23  1.35341088E-23 -5.88970642E-25
  2.34538643E-24  1.39200791E-24  1.34850287E-23  1.39472243E-23 -1.15283627E-24 -8.48798879E-23  1.42086413E-23 -3.25753276E-24 -5.90332615E-23 -1.06643035E-23
  9.96562690E-25  7.77374265E-24  2.74746442E-24  1.68415016E-23 -9.25784997E-24  1.42086413E-23 -7.70562975E-23 -4.88459268E-23  2.77521683E-23 -3.98247935E-23
 -8.28568183E-24 -1.49526629E-23  2.13172967E-23 -4.70243895E-24 -1.02564469E-23 -3.25753276E-24 -4.88459268E-23 -7.89220916E-23  2.63112925E-23 -3.56086057E-23
  1.37501027E-24 -1.72771438E-23  1.73563207E-23 -9.65607945E-24  1.35341088E-23 -5.90332615E-23  2.77521683E-23  2.63112925E-23 -1.51615680E-22 -4.15936881E-23
  3.89732262E-25 -2.34056879E-24  1.39260563E-23  1.47975985E-23 -5.88970642E-25 -1.06643035E-23 -3.98247935E-23 -3.56086057E-23 -4.15936881E-23 -9.70194779E-23
  1.123752319386988E-003
 -3.97672617E-23 -1.60158041E-23 -3.35439820E-23  8.19023564E-24  4.12131766E-25  9.68213211E-24  2.63729254E-24  4.66385482E-24 -1.35204682E-24 -2.19132168E-24
 -1.60158041E-23 -1.42803183E-22  3.43482562E-23 -9.65032852E-24 -1.55229576E-23 -6.55565304E-24  3.88901757E-24  1.01084410E-23  3.68193280E-24  5.22997499E-24
 -3.35439820E-23  3.43482562E-23 -5.40289635E-23  1.15699823E-23  7.26504694E-24  1.33465310E-23  3.05597460E-24 -6.10138198E-24 -6.06882862E-24 -1.22090793E-23
  8.19023564E-24 -9.65032852E-24  1.15699823E-23 -6.51961863E-24 -3.73169012E-24  1.27814218E-24 -3.89638044E-24  2.63149269E-25  1.98507148E-24 -3.40108252E-25
  4.12131766E-25 -1.55229576E-23  7.26504694E-24 -3.73169012E-24 -2.22635168E-23  1.90516227E-23 -1.01779696E-23  1.17618143E-23 -6.16932363E-24 -7.43682393E-24
  9.68213211E-24 -6.55565304E-24  1.33465310E-23  1.27814218E-24  1.90516227E-23 -9.34088304E-23  1.62079630E-23 -6.95644786E-23 -1.47042934E-25  7.10117515E-24
  2.63729254E-24  3.88901757E-24  3.05597460E-24 -3.89638044E-24 -1.01779696E-23  1.62079630E-23 -5.35946924E-23  1.22854669E-24  7.42808068E-23 -6.50456737E-24
  4.66385482E-24  1.01084410E-23 -6.10138198E-24  2.63149269E-25  1.17618143E-23 -6.95644786E-23  1.22854669E-24 -2.34677764E-22  1.27648147E-23  1.07201462E-22
 -1.35204682E-24  3.68193280E-24 -6.06882862E-24  1.98507148E-24 -6.16932363E-24 -1.47042934E-25  7.42808068E-23  1.27648147E-23 -2.63428640E-22 -7.45967841E-23
 -2.19132168E-24  5.22997499E-24 -1.22090793E-23 -3.40108252E-25 -7.43682393E-24  7.10117515E-24 -6.50456737E-24  1.07201462E-22 -7.45967841E-23 -2.43126706E-22
  1.271207242832611E-003
 -3.29375312E-23  1.36321207E-23 -2.87330752E-23 -2.23099794E-23 -5.35969965E-24 -1.08227249E-23 -2.78215681E-24  3.13859859E-24  1.91328046E-24 -1.60635047E-24
  1.36321207E-23 -8.63967686E-23 -3.60756049E-24  2.48385299E-23 -1.22877502E-23  1.44213327E-23 -1.91920714E-24 -6.84664620E-24  5.47691992E-24  1.16932864E-25
 -2.87330752E-23 -3.60756049E-24 -7.82093544E-23 -1.66617436E-23 -7.27261317E-24  8.21971620E-24 -4.84571147E-24  2.30478130E-24  6.49528375E-25 -1.29407724E-23
 -2.23099794E-23  2.48385299E-23 -1.66617436E-23 -4.79854313E-23 -2.25255015E-23 -2.30569108E-23  3.88444622E-24  8.95290404E-24 -1.80717904E-23 -4.27824205E-24
 -5.35969965E-24 -1.22877502E-23 -7.27261317E-24 -2.25255015E-23 -5.81101307E-23 -1.94749656E-24  1.42673205E-23 -1.67850051E-23 -2.61712673E-23 -9.54241698E-24
 -1.08227249E-23  1.44213327E-23  8.21971620E-24 -2.30569108E-23 -1.94749656E-24 -5.11733343E-23  8.76396744E-24  1.47020544E-23 -1.58166193E-24  2.24645531E-23
 -2.78215681E-24 -1.91920714E-24 -4.84571147E-24  3.88444622E-24  1.42673205E-23  8.76396744E-24 -3.63690995E-23 -3.19675334E-23  3.31991235E-23  1.90852575E-23
  3.13859859E-24 -6.84664620E-24  2.30478130E-24  8.95290404E-24 -1.67850051E-23  1.47020544E-23 -3.19675334E-23 -1.03228538E-22  4.71056318E-23  5.83318746E-23
  1.91328046E-24  5.47691992E-24  6.49528375E-25 -1.80717904E-23 -2.61712673E-23 -1.58166193E-24  3.31991235E-23  4.71056318E-23 -9.02176511E-23 -5.37217236E-23
 -1.60635047E-24  1.16932864E-25 -1.29407724E-23 -4.27824205E-24 -9.54241698E-24  2.24645531E-23  1.90852575E-23  5.83318746E-23 -5.37217236E-23 -1.42898577E-22
  1.438010695374231E-003
 -2.49354143E-24 -6.10537051E-25 -1.83060023E-24  3.61150528E-24 -3.30891167E-24 -4.59598355E-24 -3.49543679E-24  6.71783289E-24  3.59391833E-24  5.65177976E-24
 -6.10537051E-25 -4.24902369E-24 -6.32568233E-25  9.68222501E-24 -4.64555290E-24 -2.65981260E-24 -3.16790503E-24  4.31662024E-24 -2.32505537E-24 -7.08550294E-24
 -1.83060023E-24 -6.32568233E-25 -4.65022005E-23 -1.52916984E-23 -8.00521823E-24 -5.20401551E-24  2.28935201E-24  6.48426574E-25 -5.46724291E-24 -5.52240020E-24
  3.61150528E-24  9.68222501E-24 -1.52916984E-23 -7.45049570E-23  9.79670475E-24  7.87936153E-24  8.31185223E-24 -1.34813291E-23  1.51672083E-23 -4.46071457E-24
 -3.30891167E-24 -4.64555290E-24 -8.00521823E-24  9.79670475E-24 -3.78881612E-23 -1.30116557E-23 -1.01596944E-23  1.97198296E-23  2.91026549E-24 -5.33551708E-24
 -4.59598355E-24 -2.65981260E-24 -5.20401551E-24  7.87936153E-24 -1.30116557E-23 -2.80769307E-23 -6.71249540E-24  1.95246570E-23  2.02326164E-24 -9.55393661E-24
 -3.49543679E-24 -3.16790503E-24  2.28935201E-24  8.31185223E-24 -1.01596944E-23 -6.71249540E-24 -3.99929976E-23  1.11799383E-23 -1.32349861E-23  2.34169050E-23
  6.71783289E-24  4.31662024E-24  6.48426574E-25 -1.34813291E-23  1.97198296E-23  1.95246570E-23  1.11799383E-23 -7.45720014E-23 -1.40858075E-23 -1.48716033E-23
  3.59391833E-24 -2.32505537E-24 -5.46724291E-24  1.51672083E-23  2.91026549E-24  2.02326164E-24 -1.32349861E-23 -1.40858075E-23 -9.01067114E-23 -9.58797951E-24
  5.65177976E-24 -7.08550294E-24 -5.52240020E-24 -4.46071457E-24 -5.33551708E-24 -9.55393661E-24  2.34169050E-23 -1.48716033E-23 -9.58797951E-24 -4.18542461E-22
  1.626701524609683E-003
 -1.13260124E-23  2.42478896E-24 -6.48694104E-24 -3.00460493E-24 -1.30504367E-24  1.23489822E-25  7.88498229E-24  3.99996042E-24 -4.38635546E-25  3.35292792E-24
  2.42478896E-24 -5.23599229E-23  5.24516536E-23  3.35965773E-23 -4.99443764E-24  8.78379810E-24  7.16257295E-24 -1.99598771E-23 -6.70944308E-24  4.96488533E-24
 -6.48694104E-24  5.24516536E-23 -1.33351913E-22 -3.14177642E-25 -1.55009851E-23 -3.06359359E-23 -1.37741002E-23  5.47758638E-23  8.81742165E-24  3.10851737E-23
 -3.00460493E-24  3.35965773E-23 -3.14177642E-25 -1.04209262E-22 -2.36897719E-23  2.26443634E-24 -4.23395780E-23  9.98012693E-24  1.67828239E-23  4.59927182E-24
 -1.30504367E-24 -4.99443764E-24 -1.55009851E-23 -2.36897719E-23 -1.74043548E-22  5.64677189E-23 -9.01286319E-23  1.60042427E-23  6.72223758E-24 -5.94413669E-24
  1.23489822E-25  8.78379810E-24 -3.06359359E-23  2.26443634E-24  5.64677189E-23 -1.87950133E-22  2.61104950E-23  5.22438489E-23 -1.74985986E-23  1.46651858E-23
  7.88498229E-24  7.16257295E-24 -1.37741002E-23 -4.23395780E-23 -9.01286319E-23  2.61104950E-23 -1.66827288E-22 -1.20583971E-23  8.39072390E-23  9.66492609E-24
  3.99996042E-24 -1.99598771E-23  5.47758638E-23  9.98012693E-24  1.60042427E-23  5.22438489E-23 -1.20583971E-23 -2.29012179E-22 -3.35613955E-23 -1.25111199E-23
 -4.38635546E-25 -6.70944308E-24  8.81742165E-24  1.67828239E-23  6.72223758E-24 -1.74985986E-23  8.39072390E-23 -3.35613955E-23 -1.01307015E-22 -5.89801002E-23
  3.35292792E-24  4.96488533E-24  3.10851737E-23  4.59927182E-24 -5.94413669E-24  1.46651858E-23  9.66492609E-24 -1.25111199E-23 -5.89801002E-23 -1.97374528E-22
  1.840151717007103E-003
 -1.30708854E-22  3.55489488E-23 -1.32011921E-23 -1.71206480E-23 -3.42218288E-24  1.96316933E-24 -1.81289041E-23  1.63433690E-23  1.06798027E-23  8.52802565E-25
  3.55489488E-23 -1.28472955E-22 -4.52465181E-23 -1.92293740E-23 -1.73256722E-23  5.08274788E-24  2.27818509E-24 -2.26523416E-24 -8.02489214E-25  1.31880404E-23
 -1.32011921E-23 -4.52465181E-23 -3.14383520E-23 -1.89844201E-23 -1.57189363E-23  9.12289040E-25  8.22785957E-25  5.99853183E-24 -4.00452406E-24  1.84533281E-23
 -1.71206480E-23 -1.92293740E-23 -1.89844201E-23 -3.99464809E-23 -2.50003901E-23  3.50973539E-24  1.88784406E-23  1.14182862E-23  2.43483119E-23  2.98225365E-24
 -3.42218288E-24 -1.73256722E-23 -1.57189363E-23 -2.50003901E-23 -4.64152682E-23  1.51312735E-23  2.29290018E-23  1.15982656E-23  3.60489447E-23  3.29213296E-23
  1.96316933E-24  5.08274788E-24  9.12289040E-25  3.50973539E-24  1.51312735E-23 -1.51310160E-23 -1.18474904E-23  1.29872926E-23 -1.84905197E-23 -3.35345637E-23
 -1.81289041E-23  2.27818509E-24  8.22785957E-25  1.88784406E-23  2.29290018E-23 -1.18474904E-23 -6.60639279E-23  2.47958770E-23 -6.73945924E-23  6.51816287E-24
  1.63433690E-23 -2.26523416E-24  5.99853183E-24  1.14182862E-23  1.15982656E-23  1.29872926E-23  2.47958770E-23 -1.60741371E-22 -9.94926187E-24  2.47886007E-22
  1.06798027E-23 -8.02489214E-25 -4.00452406E-24  2.43483119E-23  3.60489447E-23 -1.84905197E-23 -6.73945924E-23 -9.94926187E-24 -4.46771212E-22  1.42188690E-22
  8.52802565E-25  1.31880404E-23  1.84533281E-23  2.98225365E-24  3.29213296E-23 -3.35345637E-23  6.51816287E-24  2.47886007E-22  1.42188690E-22 -8.77497618E-22
  2.081610111244394E-003
 -4.40439801E-23  9.58539914E-25  6.58575104E-24 -1.53650820E-23  7.04251872E-24  8.93112988E-24 -3.51968418E-24 -1.45160839E-24 -9.43476768E-25 -1.55258318E-24
  9.58539914E-25 -5.25260000E-23 -3.70990343E-24  6.93750585E-24 -1.32935023E-23  9.30486397E-24 -4.54489355E-24 -1.45243546E-23 -1.03330608E-23 -4.64094029E-24
  6.58575104E-24 -3.70990343E-24 -1.17544610E-23 -3.21154408E-25 -9.54836718E-25 -1.63763199E-24 -1.82247174E-24  3.25012006E-24 -5.52624007E-24 -9.84147429E-24
 -1.53650820E-23  6.93750585E-24 -3.21154408E-25 -2.67662166E-23  2.14797368E-23 -9.61802821E-24 -1.35830513E-23  4.53729841E-23 -1.04786184E-23  1.85483570E-23
  7.04251872E-24 -1.32935023E-23 -9.54836718E-25  2.14797368E-23 -4.52998693E-23  1.55436159E-23 -1.77734329E-23 -3.79982811E-23 -8.53951524E-24 -8.96713655E-24
  8.93112988E-24  9.30486397E-24 -1.63763199E-24 -9.61802821E-24  1.55436159E-23 -3.61512453E-23 -1.80258855E-23  5.30300968E-24 -2.71156317E-23 -2.82398322E-23
 -3.51968418E-24 -4.54489355E-24 -1.82247174E-24 -1.35830513E-23 -1.77734329E-23 -1.80258855E-23 -1.41334857E-22  1.00155649E-22 -1.07699161E-22  3.23595206E-23
 -1.45160839E-24 -1.45243546E-23  3.25012006E-24  4.53729841E-23 -3.79982811E-23  5.30300968E-24  1.00155649E-22 -3.06124111E-22 -2.57741773E-23 -1.75542087E-22
 -9.43476768E-25 -1.03330608E-23 -5.52624007E-24 -1.04786184E-23 -8.53951524E-24 -2.71156317E-23 -1.07699161E-22 -2.57741773E-23 -4.01294037E-22 -2.56071179E-23
 -1.55258318E-24 -4.64094029E-24 -9.84147429E-24  1.85483570E-23 -8.96713655E-24 -2.82398322E-23  3.23595206E-23 -1.75542087E-22 -2.56071179E-23 -2.73562092E-22
  2.354751847463112E-003
 -8.09358599E-24  1.65845004E-24 -3.39259418E-24  1.03040898E-24  6.01861897E-24  1.67080428E-24  4.25677325E-24  1.04437741E-24  6.96235653E-24 -1.01011139E-24
  1.65845004E-24 -4.79284990E-23 -1.60670000E-23 -2.41011656E-23 -2.65313556E-23  7.35062735E-25 -2.65500054E-24  1.62891301E-24 -3.79767174E-25  1.22702759E-23
 -3.39259418E-24 -1.60670000E-23 -8.49517636E-23 -2.05042669E-23 -1.03570891E-23 -5.62640275E-24  1.38531473E-24 -8.35945773E-24  2.26622006E-24 -4.04267774E-24
  1.03040898E-24 -2.41011656E-23 -2.05042669E-23 -2.43629230E-23 -1.51273688E-23  1.11897326E-23  2.53009160E-24  2.12443757E-23 -5.22324145E-24 -1.37998893E-23
  6.01861897E-24 -2.65313556E-23 -1.03570891E-23 -1.51273688E-23 -2.84040833E-23  4.23937794E-27  7.24838024E-24 -3.52589590E-23 -1.44315576E-23  1.62636325E-23
  1.67080428E-24  7.35062735E-25 -5.62640275E-24  1.11897326E-23  4.23937794E-27 -4.88755320E-23 -6.90750048E-24 -1.05120323E-23  7.91050308E-23  1.42329492E-23
  4.25677325E-24 -2.65500054E-24  1.38531473E-24  2.53009160E-24  7.24838024E-24 -6.90750048E-24 -4.43714449E-23  1.25338327E-23 -3.58800444E-23 -2.46017428E-24
  1.04437741E-24  1.62891301E-24 -8.35945773E-24  2.12443757E-23 -3.52589590E-23 -1.05120323E-23  1.25338327E-23 -5.05623016E-22 -7.36920150E-23  3.62660685E-23
  6.96235653E-24 -3.79767174E-25  2.26622006E-24 -5.22324145E-24 -1.44315576E-23  7.91050308E-23 -3.58800444E-23 -7.36920150E-23 -5.33754143E-22 -7.93165895E-23
 -1.01011139E-24  1.22702759E-23 -4.04267774E-24 -1.37998893E-23  1.62636325E-23  1.42329492E-23 -2.46017428E-24  3.62660685E-23 -7.93165895E-23 -4.45215073E-22
  2.663734305083775E-003
 -7.11289116E-24  5.49637146E-24 -1.52578672E-23 -4.32185788E-25  8.83286032E-25  3.00798592E-24 -2.60877192E-24 -9.24106631E-26  1.34803773E-24 -2.25399297E-25
  5.49637146E-24 -2.01061677E-23  7.44742386E-24 -4.89762276E-24 -9.69970637E-24  4.86711750E-24  3.28721351E-24 -9.03982827E-24  1.46550626E-24 -6.16243833E-24
 -1.52578672E-23  7.44742386E-24 -5.13706575E-23 -2.84897941E-24 -1.60600806E-23  1.63902445E-23 -1.03540147E-24  5.28771970E-25 -9.83054394E-25 -2.99655825E-24
 -4.32185788E-25 -4.89762276E-24 -2.84897941E-24 -1.49821344E-23  3.99674000E-24  1.48536384E-23  1.21370018E-23 -1.33659191E-23 -7.40357253E-25  5.54852471E-24
  8.83286032E-25 -9.69970637E-24 -1.60600806E-23  3.99674000E-24 -3.42454569E-23  1.81761202E-23  3.31946106E-24  8.77664307E-24 -1.43032135E-23 -1.21414227E-23
  3.00798592E-24  4.86711750E-24  1.63902445E-23  1.48536384E-23  1.81761202E-23 -8.15601000E-23 -4.53818743E-23  5.03346289E-23  2.63534786E-23  1.56956482E-23
 -2.60877192E-24  3.28721351E-24 -1.03540147E-24  1.21370018E-23  3.31946106E-24 -4.53818743E-23 -1.60553737E-22 -9.00745380E-25  2.77691525E-23  1.54404893E-23
 -9.24106631E-26 -9.03982827E-24  5.28771970E-25 -1.33659191E-23  8.77664307E-24  5.03346289E-23 -9.00745380E-25 -1.57419126E-22 -1.60992209E-23 -1.68943681E-24
  1.34803773E-24  1.46550626E-24 -9.83054394E-25 -7.40357253E-25 -1.43032135E-23  2.63534786E-23  2.77691525E-23 -1.60992209E-23 -8.31329123E-23 -2.11834433E-23
 -2.25399297E-25 -6.16243833E-24 -2.99655825E-24  5.54852471E-24 -1.21414227E-23  1.56956482E-23  1.54404893E-23 -1.68943681E-24 -2.11834433E-23 -9.29870377E-23
  3.013260380589334E-003
 -2.96248270E-24  1.96467576E-24  6.48482080E-24 -4.44116231E-24  5.70847374E-24 -6.05630341E-24 -4.90286582E-25  1.30641394E-24  1.81737914E-24  3.01119068E-24
  1.96467576E-24 -2.83914261E-23 -1.33080009E-23  4.75411675E-23 -5.62634495E-24  5.23336961E-24 -5.97526176E-24  3.89600045E-24  7.34869239E-24  1.07692493E-23
  6.48482080E-24 -1.33080009E-23 -1.09484436E-22  8.05854448E-24 -3.65755846E-23  2.08416220E-23  8.59051911E-24 -1.49937740E-23  5.32351749E-24 -1.03182415E-23
 -4.44116231E-24  4.75411675E-23  8.05854448E-24 -9.85956127E-23  1.63646875E-23 -1.62064044E-23  1.29002089E-23  3.13777287E-24 -1.21943783E-23 -1.82624458E-23
  5.70847374E-24 -5.62634495E-24 -3.65755846E-23  1.63646875E-23 -6.00345618E-23  1.43465442E-23 -1.01783826E-23 -5.56627752E-24 -1.34313666E-23  1.41923369E-23
 -6.05630341E-24  5.23336961E-24  2.08416220E-23 -1.62064044E-23  1.43465442E-23 -8.24541720E-23 -1.52690466E-23  3.46902767E-23 -1.20463695E-23  5.34361595E-24
 -4.90286582E-25 -5.97526176E-24  8.59051911E-24  1.29002089E-23 -1.01783826E-23 -1.52690466E-23 -4.06694684E-23  1.44322162E-23  2.66920591E-23  1.21631733E-23
  1.30641394E-24  3.89600045E-24 -1.49937740E-23  3.13777287E-24 -5.56627752E-24  3.46902767E-23  1.44322162E-23 -8.63968910E-23 -3.19059687E-23 -4.55923402E-23
  1.81737914E-24  7.34869239E-24  5.32351749E-24 -1.21943783E-23 -1.34313666E-23 -1.20463695E-23  2.66920591E-23 -3.19059687E-23 -1.96417944E-22  8.37852677E-23
  3.01119068E-24  1.07692493E-23 -1.03182415E-23 -1.82624458E-23  1.41923369E-23  5.34361595E-24  1.21631733E-23 -4.55923402E-23  8.37852677E-23 -2.14112069E-22
  3.408650068402310E-003
 -3.48237447E-23 -1.93218218E-23 -3.10347798E-23  1.08607266E-23  1.01869043E-23 -3.29034609E-24 -7.65544930E-24  8.27228336E-24  1.87801101E-24 -2.15115950E-25
 -1.93218218E-23 -5.13009461E-23 -8.44111018E-24  3.91247908E-23  1.90087512E-23  5.47969883E-24 -1.14858976E-24  4.86323906E-24  1.47058457E-24 -5.17831103E-24
 -3.10347798E-23 -8.44111018E-24 -1.18675713E-22 -4.69358266E-23  3.64822951E-23  1.16312286E-23 -2.11358320E-23  2.81602335E-23 -6.76029621E-25 -3.31926471E-24
  1.08607266E-23  3.91247908E-23 -4.69358266E-23 -1.11265363E-22 -2.42757198E-23  5.86387099E-23 -3.23663148E-24  2.23270086E-23  2.41940109E-24 -8.37250545E-24
  1.01869043E-23  1.90087512E-23  3.64822951E-23 -2.42757198E-23 -4.58992527E-23  1.62025445E-23  3.28248932E-23 -1.78075833E-23 -1.36361017E-23 -7.95071819E-25
 -3.29034609E-24  5.47969883E-24  1.16312286E-23  5.86387099E-23  1.62025445E-23 -2.79454085E-22 -5.47910195E-24 -8.08452773E-23 -7.95683703E-23  5.70505913E-23
 -7.65544930E-24 -1.14858976E-24 -2.11358320E-23 -3.23663148E-24  3.28248932E-23 -5.47910195E-24 -2.02385127E-22  8.90750603E-23  5.50588345E-23  3.01023947E-23
  8.27228336E-24  4.86323906E-24  2.81602335E-23  2.23270086E-23 -1.78075833E-23 -8.08452773E-23  8.90750603E-23 -1.10613516E-22 -5.28622208E-23 -2.62514623E-23
  1.87801101E-24  1.47058457E-24 -6.76029621E-25  2.41940109E-24 -1.36361017E-23 -7.95683703E-23  5.50588345E-23 -5.28622208E-23 -1.22478723E-22  2.01929491E-23
 -2.15115950E-25 -5.17831103E-24 -3.31926471E-24 -8.37250545E-24 -7.95071819E-25  5.70505913E-23  3.01023947E-23 -2.62514623E-23  2.01929491E-23 -1.68555604E-22
  3.855921434358966E-003
 -3.47540360E-24  6.71608202E-24 -6.91017967E-24 -8.12781343E-24 -1.58513658E-23 -1.41972542E-23 -2.14057039E-24 -1.40685657E-24 -6.88069524E-25 -4.80084752E-24
  6.71608202E-24 -2.22985284E-23  1.78397570E-23  2.49412834E-24 -5.89281514E-24  1.68258447E-23  4.88126055E-24  1.12128221E-24  8.07811645E-24 -1.94083084E-23
 -6.91017967E-24  1.78397570E-23 -2.07188662E-22  1.62138877E-22  2.25703932E-23 -6.80572858E-23  1.10533619E-23 -2.19803058E-23 -4.15086971E-23  5.59767552E-23
 -8.12781343E-24  2.49412834E-24  1.62138877E-22 -3.62960331E-22 -2.48269649E-22  6.47002497E-23 -4.33676840E-23 -3.13499747E-24  4.87055756E-24 -3.54708226E-23
